1237
0.0208333 1.73611e-05 0.597917 0.252083 0.4 0.8 0 0 0
0.0208333 1.73611e-05 0.597917 0.247917 0.4 0.8 0 0 0
0.0208333 1.73611e-05 0.597917 0.24375 0.4 0.8 0 0 0
0.0208333 1.73611e-05 0.597917 0.239583 0.4 0.8 0 0 0
0.0208333 1.73611e-05 0.597917 0.235417 0.4 0.8 0 0 0
0.0208333 1.73611e-05 0.597917 0.23125 0.4 0.8 0 0 0
0.0208333 1.73611e-05 0.597917 0.227083 0.4 0.8 0 0 0
0.0208333 1.73611e-05 0.597917 0.222917 0.4 0.8 0 0 0
0.0208333 1.73611e-05 0.597917 0.21875 0.4 0.8 0 0 0
0.0208333 1.73611e-05 0.597917 0.214583 0.4 0.8 0 0 0
0.0208333 1.73611e-05 0.597917 0.210417 0.4 0.8 0 0 0
0.0208333 1.73611e-05 0.602083 0.264583 0.4 0.8 0 0 0
0.0208333 1.73611e-05 0.602083 0.260417 0.4 0.8 0 0 0
0.0208333 1.73611e-05 0.602083 0.25625 0.4 0.8 0 0 0
0.0208333 1.73611e-05 0.602083 0.252083 0.4 0.8 0 0 0
0.0208333 1.73611e-05 0.602083 0.247917 0.4 0.8 0 0 0
0.0208333 1.73611e-05 0.602083 0.24375 0.4 0.8 0 0 0
0.0208333 1.73611e-05 0.602083 0.239583 0.4 0.8 0 0 0
0.0208333 1.73611e-05 0.602083 0.235417 0.4 0.8 0 0 0
0.0208333 1.73611e-05 0.602083 0.23125 0.4 0.8 0 0 0
0.0208333 1.73611e-05 0.602083 0.227083 0.4 0.8 0 0 0
0.0208333 1.73611e-05 0.602083 0.222917 0.4 0.8 0 0 0
0.0208333 1.73611e-05 0.602083 0.21875 0.4 0.8 0 0 0
0.0208333 1.73611e-05 0.602083 0.214583 0.4 0.8 0 0 0
0.0208333 1.73611e-05 0.602083 0.210417 0.4 0.8 0 0 0
0.0208333 1.73611e-05 0.602083 0.20625 0.4 0.8 0 0 0
0.0208333 1.73611e-05 0.602083 0.202083 0.4 0.8 0 0 0
0.0208333 1.73611e-05 0.602083 0.197917 0.4 0.8 0 0 0
0.0208333 1.73611e-05 0.60625 0.272917 0.4 0.8 0 0 0
0.0208333 1.73611e-05 0.60625 0.26875 0.4 0.8 0 0 0
0.0208333 1.73611e-05 0.60625 0.264583 0.4 0.8 0 0 0
0.0208333 1.73611e-05 0.60625 0.260417 0.4 0.8 0 0 0
0.0208333 1.73611e-05 0.60625 0.25625 0.4 0.8 0 0 0
0.0208333 1.73611e-05 0.60625 0.252083 0.4 0.8 0 0 0
0.0208333 1.73611e-05 0.60625 0.247917 0.4 0.8 0 0 0
0.0208333 1.73611e-05 0.60625 0.24375 0.4 0.8 0 0 0
0.0208333 1.73611e-05 0.60625 0.239583 0.4 0.8 0 0 0
0.0208333 1.73611e-05 0.60625 0.235417 0.4 0.8 0 0 0
0.0208333 1.73611e-05 0.60625 0.23125 0.4 0.8 0 0 0
0.0208333 1.73611e-05 0.60625 0.227083 0.4 0.8 0 0 0
0.0208333 1.73611e-05 0.60625 0.222917 0.4 0.8 0 0 0
0.0208333 1.73611e-05 0.60625 0.21875 0.4 0.8 0 0 0
0.0208333 1.73611e-05 0.60625 0.214583 0.4 0.8 0 0 0
0.0208333 1.73611e-05 0.60625 0.210417 0.4 0.8 0 0 0
0.0208333 1.73611e-05 0.60625 0.20625 0.4 0.8 0 0 0
0.0208333 1.73611e-05 0.60625 0.202083 0.4 0.8 0 0 0
0.0208333 1.73611e-05 0.60625 0.197917 0.4 0.8 0 0 0
0.0208333 1.73611e-05 0.60625 0.19375 0.4 0.8 0 0 0
0.0208333 1.73611e-05 0.60625 0.189583 0.4 0.8 0 0 0
0.0208333 1.73611e-05 0.610417 0.277083 0.4 0.8 0 0 0
0.0208333 1.73611e-05 0.610417 0.272917 0.4 0.8 0 0 0
0.0208333 1.73611e-05 0.610417 0.26875 0.4 0.8 0 0 0
0.0208333 1.73611e-05 0.610417 0.264583 0.4 0.8 0 0 0
0.0208333 1.73611e-05 0.610417 0.260417 0.4 0.8 0 0 0
0.0208333 1.73611e-05 0.610417 0.25625 0.4 0.8 0 0 0
0.0208333 1.73611e-05 0.610417 0.252083 0.4 0.8 0 0 0
0.0208333 1.73611e-05 0.610417 0.247917 0.4 0.8 0 0 0
0.0208333 1.73611e-05 0.610417 0.24375 0.4 0.8 0 0 0
0.0208333 1.73611e-05 0.610417 0.239583 0.4 0.8 0 0 0
0.0208333 1.73611e-05 0.610417 0.235417 0.4 0.8 0 0 0
0.0208333 1.73611e-05 0.610417 0.23125 0.4 0.8 0 0 0
0.0208333 1.73611e-05 0.610417 0.227083 0.4 0.8 0 0 0
0.0208333 1.73611e-05 0.610417 0.222917 0.4 0.8 0 0 0
0.0208333 1.73611e-05 0.610417 0.21875 0.4 0.8 0 0 0
0.0208333 1.73611e-05 0.610417 0.214583 0.4 0.8 0 0 0
0.0208333 1.73611e-05 0.610417 0.210417 0.4 0.8 0 0 0
0.0208333 1.73611e-05 0.610417 0.20625 0.4 0.8 0 0 0
0.0208333 1.73611e-05 0.610417 0.202083 0.4 0.8 0 0 0
0.0208333 1.73611e-05 0.610417 0.197917 0.4 0.8 0 0 0
0.0208333 1.73611e-05 0.610417 0.19375 0.4 0.8 0 0 0
0.0208333 1.73611e-05 0.610417 0.189583 0.4 0.8 0 0 0
0.0208333 1.73611e-05 0.610417 0.185417 0.4 0.8 0 0 0
0.0208333 1.73611e-05 0.614583 0.285417 0.4 0.8 0 0 0
0.0208333 1.73611e-05 0.614583 0.28125 0.4 0.8 0 0 0
0.0208333 1.73611e-05 0.614583 0.277083 0.4 0.8 0 0 0
0.0208333 1.73611e-05 0.614583 0.272917 0.4 0.8 0 0 0
0.0208333 1.73611e-05 0.614583 0.26875 0.4 0.8 0 0 0
0.0208333 1.73611e-05 0.614583 0.264583 0.4 0.8 0 0 0
0.0208333 1.73611e-05 0.614583 0.260417 0.4 0.8 0 0 0
0.0208333 1.73611e-05 0.614583 0.25625 0.4 0.8 0 0 0
0.0208333 1.73611e-05 0.614583 0.252083 0.4 0.8 0 0 0
0.0208333 1.73611e-05 0.614583 0.247917 0.4 0.8 0 0 0
0.0208333 1.73611e-05 0.614583 0.24375 0.4 0.8 0 0 0
0.0208333 1.73611e-05 0.614583 0.239583 0.4 0.8 0 0 0
0.0208333 1.73611e-05 0.614583 0.235417 0.4 0.8 0 0 0
0.0208333 1.73611e-05 0.614583 0.23125 0.4 0.8 0 0 0
0.0208333 1.73611e-05 0.614583 0.227083 0.4 0.8 0 0 0
0.0208333 1.73611e-05 0.614583 0.222917 0.4 0.8 0 0 0
0.0208333 1.73611e-05 0.614583 0.21875 0.4 0.8 0 0 0
0.0208333 1.73611e-05 0.614583 0.214583 0.4 0.8 0 0 0
0.0208333 1.73611e-05 0.614583 0.210417 0.4 0.8 0 0 0
0.0208333 1.73611e-05 0.614583 0.20625 0.4 0.8 0 0 0
0.0208333 1.73611e-05 0.614583 0.202083 0.4 0.8 0 0 0
0.0208333 1.73611e-05 0.614583 0.197917 0.4 0.8 0 0 0
0.0208333 1.73611e-05 0.614583 0.19375 0.4 0.8 0 0 0
0.0208333 1.73611e-05 0.614583 0.189583 0.4 0.8 0 0 0
0.0208333 1.73611e-05 0.614583 0.185417 0.4 0.8 0 0 0
0.0208333 1.73611e-05 0.614583 0.18125 0.4 0.8 0 0 0
0.0208333 1.73611e-05 0.614583 0.177083 0.4 0.8 0 0 0
0.0208333 1.73611e-05 0.61875 0.289583 0.4 0.8 0 0 0
0.0208333 1.73611e-05 0.61875 0.285417 0.4 0.8 0 0 0
0.0208333 1.73611e-05 0.61875 0.28125 0.4 0.8 0 0 0
0.0208333 1.73611e-05 0.61875 0.277083 0.4 0.8 0 0 0
0.0208333 1.73611e-05 0.61875 0.272917 0.4 0.8 0 0 0
0.0208333 1.73611e-05 0.61875 0.26875 0.4 0.8 0 0 0
0.0208333 1.73611e-05 0.61875 0.264583 0.4 0.8 0 0 0
0.0208333 1.73611e-05 0.61875 0.260417 0.4 0.8 0 0 0
0.0208333 1.73611e-05 0.61875 0.25625 0.4 0.8 0 0 0
0.0208333 1.73611e-05 0.61875 0.252083 0.4 0.8 0 0 0
0.0208333 1.73611e-05 0.61875 0.247917 0.4 0.8 0 0 0
0.0208333 1.73611e-05 0.61875 0.24375 0.4 0.8 0 0 0
0.0208333 1.73611e-05 0.61875 0.239583 0.4 0.8 0 0 0
0.0208333 1.73611e-05 0.61875 0.235417 0.4 0.8 0 0 0
0.0208333 1.73611e-05 0.61875 0.23125 0.4 0.8 0 0 0
0.0208333 1.73611e-05 0.61875 0.227083 0.4 0.8 0 0 0
0.0208333 1.73611e-05 0.61875 0.222917 0.4 0.8 0 0 0
0.0208333 1.73611e-05 0.61875 0.21875 0.4 0.8 0 0 0
0.0208333 1.73611e-05 0.61875 0.214583 0.4 0.8 0 0 0
0.0208333 1.73611e-05 0.61875 0.210417 0.4 0.8 0 0 0
0.0208333 1.73611e-05 0.61875 0.20625 0.4 0.8 0 0 0
0.0208333 1.73611e-05 0.61875 0.202083 0.4 0.8 0 0 0
0.0208333 1.73611e-05 0.61875 0.197917 0.4 0.8 0 0 0
0.0208333 1.73611e-05 0.61875 0.19375 0.4 0.8 0 0 0
0.0208333 1.73611e-05 0.61875 0.189583 0.4 0.8 0 0 0
0.0208333 1.73611e-05 0.61875 0.185417 0.4 0.8 0 0 0
0.0208333 1.73611e-05 0.61875 0.18125 0.4 0.8 0 0 0
0.0208333 1.73611e-05 0.61875 0.177083 0.4 0.8 0 0 0
0.0208333 1.73611e-05 0.61875 0.172917 0.4 0.8 0 0 0
0.0208333 1.73611e-05 0.622917 0.29375 0.4 0.8 0 0 0
0.0208333 1.73611e-05 0.622917 0.289583 0.4 0.8 0 0 0
0.0208333 1.73611e-05 0.622917 0.285417 0.4 0.8 0 0 0
0.0208333 1.73611e-05 0.622917 0.28125 0.4 0.8 0 0 0
0.0208333 1.73611e-05 0.622917 0.277083 0.4 0.8 0 0 0
0.0208333 1.73611e-05 0.622917 0.272917 0.4 0.8 0 0 0
0.0208333 1.73611e-05 0.622917 0.26875 0.4 0.8 0 0 0
0.0208333 1.73611e-05 0.622917 0.264583 0.4 0.8 0 0 0
0.0208333 1.73611e-05 0.622917 0.260417 0.4 0.8 0 0 0
0.0208333 1.73611e-05 0.622917 0.25625 0.4 0.8 0 0 0
0.0208333 1.73611e-05 0.622917 0.252083 0.4 0.8 0 0 0
0.0208333 1.73611e-05 0.622917 0.247917 0.4 0.8 0 0 0
0.0208333 1.73611e-05 0.622917 0.24375 0.4 0.8 0 0 0
0.0208333 1.73611e-05 0.622917 0.239583 0.4 0.8 0 0 0
0.0208333 1.73611e-05 0.622917 0.235417 0.4 0.8 0 0 0
0.0208333 1.73611e-05 0.622917 0.23125 0.4 0.8 0 0 0
0.0208333 1.73611e-05 0.622917 0.227083 0.4 0.8 0 0 0
0.0208333 1.73611e-05 0.622917 0.222917 0.4 0.8 0 0 0
0.0208333 1.73611e-05 0.622917 0.21875 0.4 0.8 0 0 0
0.0208333 1.73611e-05 0.622917 0.214583 0.4 0.8 0 0 0
0.0208333 1.73611e-05 0.622917 0.210417 0.4 0.8 0 0 0
0.0208333 1.73611e-05 0.622917 0.20625 0.4 0.8 0 0 0
0.0208333 1.73611e-05 0.622917 0.202083 0.4 0.8 0 0 0
0.0208333 1.73611e-05 0.622917 0.197917 0.4 0.8 0 0 0
0.0208333 1.73611e-05 0.622917 0.19375 0.4 0.8 0 0 0
0.0208333 1.73611e-05 0.622917 0.189583 0.4 0.8 0 0 0
0.0208333 1.73611e-05 0.622917 0.185417 0.4 0.8 0 0 0
0.0208333 1.73611e-05 0.622917 0.18125 0.4 0.8 0 0 0
0.0208333 1.73611e-05 0.622917 0.177083 0.4 0.8 0 0 0
0.0208333 1.73611e-05 0.622917 0.172917 0.4 0.8 0 0 0
0.0208333 1.73611e-05 0.622917 0.16875 0.4 0.8 0 0 0
0.0208333 1.73611e-05 0.627083 0.29375 0.4 0.8 0 0 0
0.0208333 1.73611e-05 0.627083 0.289583 0.4 0.8 0 0 0
0.0208333 1.73611e-05 0.627083 0.285417 0.4 0.8 0 0 0
0.0208333 1.73611e-05 0.627083 0.28125 0.4 0.8 0 0 0
0.0208333 1.73611e-05 0.627083 0.277083 0.4 0.8 0 0 0
0.0208333 1.73611e-05 0.627083 0.272917 0.4 0.8 0 0 0
0.0208333 1.73611e-05 0.627083 0.26875 0.4 0.8 0 0 0
0.0208333 1.73611e-05 0.627083 0.264583 0.4 0.8 0 0 0
0.0208333 1.73611e-05 0.627083 0.260417 0.4 0.8 0 0 0
0.0208333 1.73611e-05 0.627083 0.25625 0.4 0.8 0 0 0
0.0208333 1.73611e-05 0.627083 0.252083 0.4 0.8 0 0 0
0.0208333 1.73611e-05 0.627083 0.247917 0.4 0.8 0 0 0
0.0208333 1.73611e-05 0.627083 0.24375 0.4 0.8 0 0 0
0.0208333 1.73611e-05 0.627083 0.239583 0.4 0.8 0 0 0
0.0208333 1.73611e-05 0.627083 0.235417 0.4 0.8 0 0 0
0.0208333 1.73611e-05 0.627083 0.23125 0.4 0.8 0 0 0
0.0208333 1.73611e-05 0.627083 0.227083 0.4 0.8 0 0 0
0.0208333 1.73611e-05 0.627083 0.222917 0.4 0.8 0 0 0
0.0208333 1.73611e-05 0.627083 0.21875 0.4 0.8 0 0 0
0.0208333 1.73611e-05 0.627083 0.214583 0.4 0.8 0 0 0
0.0208333 1.73611e-05 0.627083 0.210417 0.4 0.8 0 0 0
0.0208333 1.73611e-05 0.627083 0.20625 0.4 0.8 0 0 0
0.0208333 1.73611e-05 0.627083 0.202083 0.4 0.8 0 0 0
0.0208333 1.73611e-05 0.627083 0.197917 0.4 0.8 0 0 0
0.0208333 1.73611e-05 0.627083 0.19375 0.4 0.8 0 0 0
0.0208333 1.73611e-05 0.627083 0.189583 0.4 0.8 0 0 0
0.0208333 1.73611e-05 0.627083 0.185417 0.4 0.8 0 0 0
0.0208333 1.73611e-05 0.627083 0.18125 0.4 0.8 0 0 0
0.0208333 1.73611e-05 0.627083 0.177083 0.4 0.8 0 0 0
0.0208333 1.73611e-05 0.627083 0.172917 0.4 0.8 0 0 0
0.0208333 1.73611e-05 0.627083 0.16875 0.4 0.8 0 0 0
0.0208333 1.73611e-05 0.63125 0.297917 0.4 0.8 0 0 0
0.0208333 1.73611e-05 0.63125 0.29375 0.4 0.8 0 0 0
0.0208333 1.73611e-05 0.63125 0.289583 0.4 0.8 0 0 0
0.0208333 1.73611e-05 0.63125 0.285417 0.4 0.8 0 0 0
0.0208333 1.73611e-05 0.63125 0.28125 0.4 0.8 0 0 0
0.0208333 1.73611e-05 0.63125 0.277083 0.4 0.8 0 0 0
0.0208333 1.73611e-05 0.63125 0.272917 0.4 0.8 0 0 0
0.0208333 1.73611e-05 0.63125 0.26875 0.4 0.8 0 0 0
0.0208333 1.73611e-05 0.63125 0.264583 0.4 0.8 0 0 0
0.0208333 1.73611e-05 0.63125 0.260417 0.4 0.8 0 0 0
0.0208333 1.73611e-05 0.63125 0.25625 0.4 0.8 0 0 0
0.0208333 1.73611e-05 0.63125 0.252083 0.4 0.8 0 0 0
0.0208333 1.73611e-05 0.63125 0.247917 0.4 0.8 0 0 0
0.0208333 1.73611e-05 0.63125 0.24375 0.4 0.8 0 0 0
0.0208333 1.73611e-05 0.63125 0.239583 0.4 0.8 0 0 0
0.0208333 1.73611e-05 0.63125 0.235417 0.4 0.8 0 0 0
0.0208333 1.73611e-05 0.63125 0.23125 0.4 0.8 0 0 0
0.0208333 1.73611e-05 0.63125 0.227083 0.4 0.8 0 0 0
0.0208333 1.73611e-05 0.63125 0.222917 0.4 0.8 0 0 0
0.0208333 1.73611e-05 0.63125 0.21875 0.4 0.8 0 0 0
0.0208333 1.73611e-05 0.63125 0.214583 0.4 0.8 0 0 0
0.0208333 1.73611e-05 0.63125 0.210417 0.4 0.8 0 0 0
0.0208333 1.73611e-05 0.63125 0.20625 0.4 0.8 0 0 0
0.0208333 1.73611e-05 0.63125 0.202083 0.4 0.8 0 0 0
0.0208333 1.73611e-05 0.63125 0.197917 0.4 0.8 0 0 0
0.0208333 1.73611e-05 0.63125 0.19375 0.4 0.8 0 0 0
0.0208333 1.73611e-05 0.63125 0.189583 0.4 0.8 0 0 0
0.0208333 1.73611e-05 0.63125 0.185417 0.4 0.8 0 0 0
0.0208333 1.73611e-05 0.63125 0.18125 0.4 0.8 0 0 0
0.0208333 1.73611e-05 0.63125 0.177083 0.4 0.8 0 0 0
0.0208333 1.73611e-05 0.63125 0.172917 0.4 0.8 0 0 0
0.0208333 1.73611e-05 0.63125 0.16875 0.4 0.8 0 0 0
0.0208333 1.73611e-05 0.63125 0.164583 0.4 0.8 0 0 0
0.0208333 1.73611e-05 0.635417 0.302083 0.4 0.8 0 0 0
0.0208333 1.73611e-05 0.635417 0.297917 0.4 0.8 0 0 0
0.0208333 1.73611e-05 0.635417 0.29375 0.4 0.8 0 0 0
0.0208333 1.73611e-05 0.635417 0.289583 0.4 0.8 0 0 0
0.0208333 1.73611e-05 0.635417 0.285417 0.4 0.8 0 0 0
0.0208333 1.73611e-05 0.635417 0.28125 0.4 0.8 0 0 0
0.0208333 1.73611e-05 0.635417 0.277083 0.4 0.8 0 0 0
0.0208333 1.73611e-05 0.635417 0.272917 0.4 0.8 0 0 0
0.0208333 1.73611e-05 0.635417 0.26875 0.4 0.8 0 0 0
0.0208333 1.73611e-05 0.635417 0.264583 0.4 0.8 0 0 0
0.0208333 1.73611e-05 0.635417 0.260417 0.4 0.8 0 0 0
0.0208333 1.73611e-05 0.635417 0.25625 0.4 0.8 0 0 0
0.0208333 1.73611e-05 0.635417 0.252083 0.4 0.8 0 0 0
0.0208333 1.73611e-05 0.635417 0.247917 0.4 0.8 0 0 0
0.0208333 1.73611e-05 0.635417 0.24375 0.4 0.8 0 0 0
0.0208333 1.73611e-05 0.635417 0.239583 0.4 0.8 0 0 0
0.0208333 1.73611e-05 0.635417 0.235417 0.4 0.8 0 0 0
0.0208333 1.73611e-05 0.635417 0.23125 0.4 0.8 0 0 0
0.0208333 1.73611e-05 0.635417 0.227083 0.4 0.8 0 0 0
0.0208333 1.73611e-05 0.635417 0.222917 0.4 0.8 0 0 0
0.0208333 1.73611e-05 0.635417 0.21875 0.4 0.8 0 0 0
0.0208333 1.73611e-05 0.635417 0.214583 0.4 0.8 0 0 0
0.0208333 1.73611e-05 0.635417 0.210417 0.4 0.8 0 0 0
0.0208333 1.73611e-05 0.635417 0.20625 0.4 0.8 0 0 0
0.0208333 1.73611e-05 0.635417 0.202083 0.4 0.8 0 0 0
0.0208333 1.73611e-05 0.635417 0.197917 0.4 0.8 0 0 0
0.0208333 1.73611e-05 0.635417 0.19375 0.4 0.8 0 0 0
0.0208333 1.73611e-05 0.635417 0.189583 0.4 0.8 0 0 0
0.0208333 1.73611e-05 0.635417 0.185417 0.4 0.8 0 0 0
0.0208333 1.73611e-05 0.635417 0.18125 0.4 0.8 0 0 0
0.0208333 1.73611e-05 0.635417 0.177083 0.4 0.8 0 0 0
0.0208333 1.73611e-05 0.635417 0.172917 0.4 0.8 0 0 0
0.0208333 1.73611e-05 0.635417 0.16875 0.4 0.8 0 0 0
0.0208333 1.73611e-05 0.635417 0.164583 0.4 0.8 0 0 0
0.0208333 1.73611e-05 0.635417 0.160417 0.4 0.8 0 0 0
0.0208333 1.73611e-05 0.639583 0.302083 0.4 0.8 0 0 0
0.0208333 1.73611e-05 0.639583 0.297917 0.4 0.8 0 0 0
0.0208333 1.73611e-05 0.639583 0.29375 0.4 0.8 0 0 0
0.0208333 1.73611e-05 0.639583 0.289583 0.4 0.8 0 0 0
0.0208333 1.73611e-05 0.639583 0.285417 0.4 0.8 0 0 0
0.0208333 1.73611e-05 0.639583 0.28125 0.4 0.8 0 0 0
0.0208333 1.73611e-05 0.639583 0.277083 0.4 0.8 0 0 0
0.0208333 1.73611e-05 0.639583 0.272917 0.4 0.8 0 0 0
0.0208333 1.73611e-05 0.639583 0.26875 0.4 0.8 0 0 0
0.0208333 1.73611e-05 0.639583 0.264583 0.4 0.8 0 0 0
0.0208333 1.73611e-05 0.639583 0.260417 0.4 0.8 0 0 0
0.0208333 1.73611e-05 0.639583 0.25625 0.4 0.8 0 0 0
0.0208333 1.73611e-05 0.639583 0.252083 0.4 0.8 0 0 0
0.0208333 1.73611e-05 0.639583 0.247917 0.4 0.8 0 0 0
0.0208333 1.73611e-05 0.639583 0.24375 0.4 0.8 0 0 0
0.0208333 1.73611e-05 0.639583 0.239583 0.4 0.8 0 0 0
0.0208333 1.73611e-05 0.639583 0.235417 0.4 0.8 0 0 0
0.0208333 1.73611e-05 0.639583 0.23125 0.4 0.8 0 0 0
0.0208333 1.73611e-05 0.639583 0.227083 0.4 0.8 0 0 0
0.0208333 1.73611e-05 0.639583 0.222917 0.4 0.8 0 0 0
0.0208333 1.73611e-05 0.639583 0.21875 0.4 0.8 0 0 0
0.0208333 1.73611e-05 0.639583 0.214583 0.4 0.8 0 0 0
0.0208333 1.73611e-05 0.639583 0.210417 0.4 0.8 0 0 0
0.0208333 1.73611e-05 0.639583 0.20625 0.4 0.8 0 0 0
0.0208333 1.73611e-05 0.639583 0.202083 0.4 0.8 0 0 0
0.0208333 1.73611e-05 0.639583 0.197917 0.4 0.8 0 0 0
0.0208333 1.73611e-05 0.639583 0.19375 0.4 0.8 0 0 0
0.0208333 1.73611e-05 0.639583 0.189583 0.4 0.8 0 0 0
0.0208333 1.73611e-05 0.639583 0.185417 0.4 0.8 0 0 0
0.0208333 1.73611e-05 0.639583 0.18125 0.4 0.8 0 0 0
0.0208333 1.73611e-05 0.639583 0.177083 0.4 0.8 0 0 0
0.0208333 1.73611e-05 0.639583 0.172917 0.4 0.8 0 0 0
0.0208333 1.73611e-05 0.639583 0.16875 0.4 0.8 0 0 0
0.0208333 1.73611e-05 0.639583 0.164583 0.4 0.8 0 0 0
0.0208333 1.73611e-05 0.639583 0.160417 0.4 0.8 0 0 0
0.0208333 1.73611e-05 0.64375 0.30625 0.4 0.8 0 0 0
0.0208333 1.73611e-05 0.64375 0.302083 0.4 0.8 0 0 0
0.0208333 1.73611e-05 0.64375 0.297917 0.4 0.8 0 0 0
0.0208333 1.73611e-05 0.64375 0.29375 0.4 0.8 0 0 0
0.0208333 1.73611e-05 0.64375 0.289583 0.4 0.8 0 0 0
0.0208333 1.73611e-05 0.64375 0.285417 0.4 0.8 0 0 0
0.0208333 1.73611e-05 0.64375 0.28125 0.4 0.8 0 0 0
0.0208333 1.73611e-05 0.64375 0.277083 0.4 0.8 0 0 0
0.0208333 1.73611e-05 0.64375 0.272917 0.4 0.8 0 0 0
0.0208333 1.73611e-05 0.64375 0.26875 0.4 0.8 0 0 0
0.0208333 1.73611e-05 0.64375 0.264583 0.4 0.8 0 0 0
0.0208333 1.73611e-05 0.64375 0.260417 0.4 0.8 0 0 0
0.0208333 1.73611e-05 0.64375 0.25625 0.4 0.8 0 0 0
0.0208333 1.73611e-05 0.64375 0.252083 0.4 0.8 0 0 0
0.0208333 1.73611e-05 0.64375 0.247917 0.4 0.8 0 0 0
0.0208333 1.73611e-05 0.64375 0.24375 0.4 0.8 0 0 0
0.0208333 1.73611e-05 0.64375 0.239583 0.4 0.8 0 0 0
0.0208333 1.73611e-05 0.64375 0.235417 0.4 0.8 0 0 0
0.0208333 1.73611e-05 0.64375 0.23125 0.4 0.8 0 0 0
0.0208333 1.73611e-05 0.64375 0.227083 0.4 0.8 0 0 0
0.0208333 1.73611e-05 0.64375 0.222917 0.4 0.8 0 0 0
0.0208333 1.73611e-05 0.64375 0.21875 0.4 0.8 0 0 0
0.0208333 1.73611e-05 0.64375 0.214583 0.4 0.8 0 0 0
0.0208333 1.73611e-05 0.64375 0.210417 0.4 0.8 0 0 0
0.0208333 1.73611e-05 0.64375 0.20625 0.4 0.8 0 0 0
0.0208333 1.73611e-05 0.64375 0.202083 0.4 0.8 0 0 0
0.0208333 1.73611e-05 0.64375 0.197917 0.4 0.8 0 0 0
0.0208333 1.73611e-05 0.64375 0.19375 0.4 0.8 0 0 0
0.0208333 1.73611e-05 0.64375 0.189583 0.4 0.8 0 0 0
0.0208333 1.73611e-05 0.64375 0.185417 0.4 0.8 0 0 0
0.0208333 1.73611e-05 0.64375 0.18125 0.4 0.8 0 0 0
0.0208333 1.73611e-05 0.64375 0.177083 0.4 0.8 0 0 0
0.0208333 1.73611e-05 0.64375 0.172917 0.4 0.8 0 0 0
0.0208333 1.73611e-05 0.64375 0.16875 0.4 0.8 0 0 0
0.0208333 1.73611e-05 0.64375 0.164583 0.4 0.8 0 0 0
0.0208333 1.73611e-05 0.64375 0.160417 0.4 0.8 0 0 0
0.0208333 1.73611e-05 0.64375 0.15625 0.4 0.8 0 0 0
0.0208333 1.73611e-05 0.647917 0.30625 0.4 0.8 0 0 0
0.0208333 1.73611e-05 0.647917 0.302083 0.4 0.8 0 0 0
0.0208333 1.73611e-05 0.647917 0.297917 0.4 0.8 0 0 0
0.0208333 1.73611e-05 0.647917 0.29375 0.4 0.8 0 0 0
0.0208333 1.73611e-05 0.647917 0.289583 0.4 0.8 0 0 0
0.0208333 1.73611e-05 0.647917 0.285417 0.4 0.8 0 0 0
0.0208333 1.73611e-05 0.647917 0.28125 0.4 0.8 0 0 0
0.0208333 1.73611e-05 0.647917 0.277083 0.4 0.8 0 0 0
0.0208333 1.73611e-05 0.647917 0.272917 0.4 0.8 0 0 0
0.0208333 1.73611e-05 0.647917 0.26875 0.4 0.8 0 0 0
0.0208333 1.73611e-05 0.647917 0.264583 0.4 0.8 0 0 0
0.0208333 1.73611e-05 0.647917 0.260417 0.4 0.8 0 0 0
0.0208333 1.73611e-05 0.647917 0.25625 0.4 0.8 0 0 0
0.0208333 1.73611e-05 0.647917 0.252083 0.4 0.8 0 0 0
0.0208333 1.73611e-05 0.647917 0.247917 0.4 0.8 0 0 0
0.0208333 1.73611e-05 0.647917 0.24375 0.4 0.8 0 0 0
0.0208333 1.73611e-05 0.647917 0.239583 0.4 0.8 0 0 0
0.0208333 1.73611e-05 0.647917 0.235417 0.4 0.8 0 0 0
0.0208333 1.73611e-05 0.647917 0.23125 0.4 0.8 0 0 0
0.0208333 1.73611e-05 0.647917 0.227083 0.4 0.8 0 0 0
0.0208333 1.73611e-05 0.647917 0.222917 0.4 0.8 0 0 0
0.0208333 1.73611e-05 0.647917 0.21875 0.4 0.8 0 0 0
0.0208333 1.73611e-05 0.647917 0.214583 0.4 0.8 0 0 0
0.0208333 1.73611e-05 0.647917 0.210417 0.4 0.8 0 0 0
0.0208333 1.73611e-05 0.647917 0.20625 0.4 0.8 0 0 0
0.0208333 1.73611e-05 0.647917 0.202083 0.4 0.8 0 0 0
0.0208333 1.73611e-05 0.647917 0.197917 0.4 0.8 0 0 0
0.0208333 1.73611e-05 0.647917 0.19375 0.4 0.8 0 0 0
0.0208333 1.73611e-05 0.647917 0.189583 0.4 0.8 0 0 0
0.0208333 1.73611e-05 0.647917 0.185417 0.4 0.8 0 0 0
0.0208333 1.73611e-05 0.647917 0.18125 0.4 0.8 0 0 0
0.0208333 1.73611e-05 0.647917 0.177083 0.4 0.8 0 0 0
0.0208333 1.73611e-05 0.647917 0.172917 0.4 0.8 0 0 0
0.0208333 1.73611e-05 0.647917 0.16875 0.4 0.8 0 0 0
0.0208333 1.73611e-05 0.647917 0.164583 0.4 0.8 0 0 0
0.0208333 1.73611e-05 0.647917 0.160417 0.4 0.8 0 0 0
0.0208333 1.73611e-05 0.647917 0.15625 0.4 0.8 0 0 0
0.0208333 1.73611e-05 0.652083 0.30625 0.4 0.8 0 0 0
0.0208333 1.73611e-05 0.652083 0.302083 0.4 0.8 0 0 0
0.0208333 1.73611e-05 0.652083 0.297917 0.4 0.8 0 0 0
0.0208333 1.73611e-05 0.652083 0.29375 0.4 0.8 0 0 0
0.0208333 1.73611e-05 0.652083 0.289583 0.4 0.8 0 0 0
0.0208333 1.73611e-05 0.652083 0.285417 0.4 0.8 0 0 0
0.0208333 1.73611e-05 0.652083 0.28125 0.4 0.8 0 0 0
0.0208333 1.73611e-05 0.652083 0.277083 0.4 0.8 0 0 0
0.0208333 1.73611e-05 0.652083 0.272917 0.4 0.8 0 0 0
0.0208333 1.73611e-05 0.652083 0.26875 0.4 0.8 0 0 0
0.0208333 1.73611e-05 0.652083 0.264583 0.4 0.8 0 0 0
0.0208333 1.73611e-05 0.652083 0.260417 0.4 0.8 0 0 0
0.0208333 1.73611e-05 0.652083 0.25625 0.4 0.8 0 0 0
0.0208333 1.73611e-05 0.652083 0.252083 0.4 0.8 0 0 0
0.0208333 1.73611e-05 0.652083 0.247917 0.4 0.8 0 0 0
0.0208333 1.73611e-05 0.652083 0.24375 0.4 0.8 0 0 0
0.0208333 1.73611e-05 0.652083 0.239583 0.4 0.8 0 0 0
0.0208333 1.73611e-05 0.652083 0.235417 0.4 0.8 0 0 0
0.0208333 1.73611e-05 0.652083 0.23125 0.4 0.8 0 0 0
0.0208333 1.73611e-05 0.652083 0.227083 0.4 0.8 0 0 0
0.0208333 1.73611e-05 0.652083 0.222917 0.4 0.8 0 0 0
0.0208333 1.73611e-05 0.652083 0.21875 0.4 0.8 0 0 0
0.0208333 1.73611e-05 0.652083 0.214583 0.4 0.8 0 0 0
0.0208333 1.73611e-05 0.652083 0.210417 0.4 0.8 0 0 0
0.0208333 1.73611e-05 0.652083 0.20625 0.4 0.8 0 0 0
0.0208333 1.73611e-05 0.652083 0.202083 0.4 0.8 0 0 0
0.0208333 1.73611e-05 0.652083 0.197917 0.4 0.8 0 0 0
0.0208333 1.73611e-05 0.652083 0.19375 0.4 0.8 0 0 0
0.0208333 1.73611e-05 0.652083 0.189583 0.4 0.8 0 0 0
0.0208333 1.73611e-05 0.652083 0.185417 0.4 0.8 0 0 0
0.0208333 1.73611e-05 0.652083 0.18125 0.4 0.8 0 0 0
0.0208333 1.73611e-05 0.652083 0.177083 0.4 0.8 0 0 0
0.0208333 1.73611e-05 0.652083 0.172917 0.4 0.8 0 0 0
0.0208333 1.73611e-05 0.652083 0.16875 0.4 0.8 0 0 0
0.0208333 1.73611e-05 0.652083 0.164583 0.4 0.8 0 0 0
0.0208333 1.73611e-05 0.652083 0.160417 0.4 0.8 0 0 0
0.0208333 1.73611e-05 0.652083 0.15625 0.4 0.8 0 0 0
0.0208333 1.73611e-05 0.65625 0.310417 0.4 0.8 0 0 0
0.0208333 1.73611e-05 0.65625 0.30625 0.4 0.8 0 0 0
0.0208333 1.73611e-05 0.65625 0.302083 0.4 0.8 0 0 0
0.0208333 1.73611e-05 0.65625 0.297917 0.4 0.8 0 0 0
0.0208333 1.73611e-05 0.65625 0.29375 0.4 0.8 0 0 0
0.0208333 1.73611e-05 0.65625 0.289583 0.4 0.8 0 0 0
0.0208333 1.73611e-05 0.65625 0.285417 0.4 0.8 0 0 0
0.0208333 1.73611e-05 0.65625 0.28125 0.4 0.8 0 0 0
0.0208333 1.73611e-05 0.65625 0.277083 0.4 0.8 0 0 0
0.0208333 1.73611e-05 0.65625 0.272917 0.4 0.8 0 0 0
0.0208333 1.73611e-05 0.65625 0.26875 0.4 0.8 0 0 0
0.0208333 1.73611e-05 0.65625 0.264583 0.4 0.8 0 0 0
0.0208333 1.73611e-05 0.65625 0.260417 0.4 0.8 0 0 0
0.0208333 1.73611e-05 0.65625 0.25625 0.4 0.8 0 0 0
0.0208333 1.73611e-05 0.65625 0.252083 0.4 0.8 0 0 0
0.0208333 1.73611e-05 0.65625 0.247917 0.4 0.8 0 0 0
0.0208333 1.73611e-05 0.65625 0.24375 0.4 0.8 0 0 0
0.0208333 1.73611e-05 0.65625 0.239583 0.4 0.8 0 0 0
0.0208333 1.73611e-05 0.65625 0.235417 0.4 0.8 0 0 0
0.0208333 1.73611e-05 0.65625 0.23125 0.4 0.8 0 0 0
0.0208333 1.73611e-05 0.65625 0.227083 0.4 0.8 0 0 0
0.0208333 1.73611e-05 0.65625 0.222917 0.4 0.8 0 0 0
0.0208333 1.73611e-05 0.65625 0.21875 0.4 0.8 0 0 0
0.0208333 1.73611e-05 0.65625 0.214583 0.4 0.8 0 0 0
0.0208333 1.73611e-05 0.65625 0.210417 0.4 0.8 0 0 0
0.0208333 1.73611e-05 0.65625 0.20625 0.4 0.8 0 0 0
0.0208333 1.73611e-05 0.65625 0.202083 0.4 0.8 0 0 0
0.0208333 1.73611e-05 0.65625 0.197917 0.4 0.8 0 0 0
0.0208333 1.73611e-05 0.65625 0.19375 0.4 0.8 0 0 0
0.0208333 1.73611e-05 0.65625 0.189583 0.4 0.8 0 0 0
0.0208333 1.73611e-05 0.65625 0.185417 0.4 0.8 0 0 0
0.0208333 1.73611e-05 0.65625 0.18125 0.4 0.8 0 0 0
0.0208333 1.73611e-05 0.65625 0.177083 0.4 0.8 0 0 0
0.0208333 1.73611e-05 0.65625 0.172917 0.4 0.8 0 0 0
0.0208333 1.73611e-05 0.65625 0.16875 0.4 0.8 0 0 0
0.0208333 1.73611e-05 0.65625 0.164583 0.4 0.8 0 0 0
0.0208333 1.73611e-05 0.65625 0.160417 0.4 0.8 0 0 0
0.0208333 1.73611e-05 0.65625 0.15625 0.4 0.8 0 0 0
0.0208333 1.73611e-05 0.65625 0.152083 0.4 0.8 0 0 0
0.0208333 1.73611e-05 0.660417 0.310417 0.4 0.8 0 0 0
0.0208333 1.73611e-05 0.660417 0.30625 0.4 0.8 0 0 0
0.0208333 1.73611e-05 0.660417 0.302083 0.4 0.8 0 0 0
0.0208333 1.73611e-05 0.660417 0.297917 0.4 0.8 0 0 0
0.0208333 1.73611e-05 0.660417 0.29375 0.4 0.8 0 0 0
0.0208333 1.73611e-05 0.660417 0.289583 0.4 0.8 0 0 0
0.0208333 1.73611e-05 0.660417 0.285417 0.4 0.8 0 0 0
0.0208333 1.73611e-05 0.660417 0.28125 0.4 0.8 0 0 0
0.0208333 1.73611e-05 0.660417 0.277083 0.4 0.8 0 0 0
0.0208333 1.73611e-05 0.660417 0.272917 0.4 0.8 0 0 0
0.0208333 1.73611e-05 0.660417 0.26875 0.4 0.8 0 0 0
0.0208333 1.73611e-05 0.660417 0.264583 0.4 0.8 0 0 0
0.0208333 1.73611e-05 0.660417 0.260417 0.4 0.8 0 0 0
0.0208333 1.73611e-05 0.660417 0.25625 0.4 0.8 0 0 0
0.0208333 1.73611e-05 0.660417 0.252083 0.4 0.8 0 0 0
0.0208333 1.73611e-05 0.660417 0.247917 0.4 0.8 0 0 0
0.0208333 1.73611e-05 0.660417 0.24375 0.4 0.8 0 0 0
0.0208333 1.73611e-05 0.660417 0.239583 0.4 0.8 0 0 0
0.0208333 1.73611e-05 0.660417 0.235417 0.4 0.8 0 0 0
0.0208333 1.73611e-05 0.660417 0.23125 0.4 0.8 0 0 0
0.0208333 1.73611e-05 0.660417 0.227083 0.4 0.8 0 0 0
0.0208333 1.73611e-05 0.660417 0.222917 0.4 0.8 0 0 0
0.0208333 1.73611e-05 0.660417 0.21875 0.4 0.8 0 0 0
0.0208333 1.73611e-05 0.660417 0.214583 0.4 0.8 0 0 0
0.0208333 1.73611e-05 0.660417 0.210417 0.4 0.8 0 0 0
0.0208333 1.73611e-05 0.660417 0.20625 0.4 0.8 0 0 0
0.0208333 1.73611e-05 0.660417 0.202083 0.4 0.8 0 0 0
0.0208333 1.73611e-05 0.660417 0.197917 0.4 0.8 0 0 0
0.0208333 1.73611e-05 0.660417 0.19375 0.4 0.8 0 0 0
0.0208333 1.73611e-05 0.660417 0.189583 0.4 0.8 0 0 0
0.0208333 1.73611e-05 0.660417 0.185417 0.4 0.8 0 0 0
0.0208333 1.73611e-05 0.660417 0.18125 0.4 0.8 0 0 0
0.0208333 1.73611e-05 0.660417 0.177083 0.4 0.8 0 0 0
0.0208333 1.73611e-05 0.660417 0.172917 0.4 0.8 0 0 0
0.0208333 1.73611e-05 0.660417 0.16875 0.4 0.8 0 0 0
0.0208333 1.73611e-05 0.660417 0.164583 0.4 0.8 0 0 0
0.0208333 1.73611e-05 0.660417 0.160417 0.4 0.8 0 0 0
0.0208333 1.73611e-05 0.660417 0.15625 0.4 0.8 0 0 0
0.0208333 1.73611e-05 0.660417 0.152083 0.4 0.8 0 0 0
0.0208333 1.73611e-05 0.664583 0.310417 0.4 0.8 0 0 0
0.0208333 1.73611e-05 0.664583 0.30625 0.4 0.8 0 0 0
0.0208333 1.73611e-05 0.664583 0.302083 0.4 0.8 0 0 0
0.0208333 1.73611e-05 0.664583 0.297917 0.4 0.8 0 0 0
0.0208333 1.73611e-05 0.664583 0.29375 0.4 0.8 0 0 0
0.0208333 1.73611e-05 0.664583 0.289583 0.4 0.8 0 0 0
0.0208333 1.73611e-05 0.664583 0.285417 0.4 0.8 0 0 0
0.0208333 1.73611e-05 0.664583 0.28125 0.4 0.8 0 0 0
0.0208333 1.73611e-05 0.664583 0.277083 0.4 0.8 0 0 0
0.0208333 1.73611e-05 0.664583 0.272917 0.4 0.8 0 0 0
0.0208333 1.73611e-05 0.664583 0.26875 0.4 0.8 0 0 0
0.0208333 1.73611e-05 0.664583 0.264583 0.4 0.8 0 0 0
0.0208333 1.73611e-05 0.664583 0.260417 0.4 0.8 0 0 0
0.0208333 1.73611e-05 0.664583 0.25625 0.4 0.8 0 0 0
0.0208333 1.73611e-05 0.664583 0.252083 0.4 0.8 0 0 0
0.0208333 1.73611e-05 0.664583 0.247917 0.4 0.8 0 0 0
0.0208333 1.73611e-05 0.664583 0.24375 0.4 0.8 0 0 0
0.0208333 1.73611e-05 0.664583 0.239583 0.4 0.8 0 0 0
0.0208333 1.73611e-05 0.664583 0.235417 0.4 0.8 0 0 0
0.0208333 1.73611e-05 0.664583 0.23125 0.4 0.8 0 0 0
0.0208333 1.73611e-05 0.664583 0.227083 0.4 0.8 0 0 0
0.0208333 1.73611e-05 0.664583 0.222917 0.4 0.8 0 0 0
0.0208333 1.73611e-05 0.664583 0.21875 0.4 0.8 0 0 0
0.0208333 1.73611e-05 0.664583 0.214583 0.4 0.8 0 0 0
0.0208333 1.73611e-05 0.664583 0.210417 0.4 0.8 0 0 0
0.0208333 1.73611e-05 0.664583 0.20625 0.4 0.8 0 0 0
0.0208333 1.73611e-05 0.664583 0.202083 0.4 0.8 0 0 0
0.0208333 1.73611e-05 0.664583 0.197917 0.4 0.8 0 0 0
0.0208333 1.73611e-05 0.664583 0.19375 0.4 0.8 0 0 0
0.0208333 1.73611e-05 0.664583 0.189583 0.4 0.8 0 0 0
0.0208333 1.73611e-05 0.664583 0.185417 0.4 0.8 0 0 0
0.0208333 1.73611e-05 0.664583 0.18125 0.4 0.8 0 0 0
0.0208333 1.73611e-05 0.664583 0.177083 0.4 0.8 0 0 0
0.0208333 1.73611e-05 0.664583 0.172917 0.4 0.8 0 0 0
0.0208333 1.73611e-05 0.664583 0.16875 0.4 0.8 0 0 0
0.0208333 1.73611e-05 0.664583 0.164583 0.4 0.8 0 0 0
0.0208333 1.73611e-05 0.664583 0.160417 0.4 0.8 0 0 0
0.0208333 1.73611e-05 0.664583 0.15625 0.4 0.8 0 0 0
0.0208333 1.73611e-05 0.664583 0.152083 0.4 0.8 0 0 0
0.0208333 1.73611e-05 0.66875 0.310417 0.4 0.8 0 0 0
0.0208333 1.73611e-05 0.66875 0.30625 0.4 0.8 0 0 0
0.0208333 1.73611e-05 0.66875 0.302083 0.4 0.8 0 0 0
0.0208333 1.73611e-05 0.66875 0.297917 0.4 0.8 0 0 0
0.0208333 1.73611e-05 0.66875 0.29375 0.4 0.8 0 0 0
0.0208333 1.73611e-05 0.66875 0.289583 0.4 0.8 0 0 0
0.0208333 1.73611e-05 0.66875 0.285417 0.4 0.8 0 0 0
0.0208333 1.73611e-05 0.66875 0.28125 0.4 0.8 0 0 0
0.0208333 1.73611e-05 0.66875 0.277083 0.4 0.8 0 0 0
0.0208333 1.73611e-05 0.66875 0.272917 0.4 0.8 0 0 0
0.0208333 1.73611e-05 0.66875 0.26875 0.4 0.8 0 0 0
0.0208333 1.73611e-05 0.66875 0.264583 0.4 0.8 0 0 0
0.0208333 1.73611e-05 0.66875 0.260417 0.4 0.8 0 0 0
0.0208333 1.73611e-05 0.66875 0.25625 0.4 0.8 0 0 0
0.0208333 1.73611e-05 0.66875 0.252083 0.4 0.8 0 0 0
0.0208333 1.73611e-05 0.66875 0.247917 0.4 0.8 0 0 0
0.0208333 1.73611e-05 0.66875 0.24375 0.4 0.8 0 0 0
0.0208333 1.73611e-05 0.66875 0.239583 0.4 0.8 0 0 0
0.0208333 1.73611e-05 0.66875 0.235417 0.4 0.8 0 0 0
0.0208333 1.73611e-05 0.66875 0.23125 0.4 0.8 0 0 0
0.0208333 1.73611e-05 0.66875 0.227083 0.4 0.8 0 0 0
0.0208333 1.73611e-05 0.66875 0.222917 0.4 0.8 0 0 0
0.0208333 1.73611e-05 0.66875 0.21875 0.4 0.8 0 0 0
0.0208333 1.73611e-05 0.66875 0.214583 0.4 0.8 0 0 0
0.0208333 1.73611e-05 0.66875 0.210417 0.4 0.8 0 0 0
0.0208333 1.73611e-05 0.66875 0.20625 0.4 0.8 0 0 0
0.0208333 1.73611e-05 0.66875 0.202083 0.4 0.8 0 0 0
0.0208333 1.73611e-05 0.66875 0.197917 0.4 0.8 0 0 0
0.0208333 1.73611e-05 0.66875 0.19375 0.4 0.8 0 0 0
0.0208333 1.73611e-05 0.66875 0.189583 0.4 0.8 0 0 0
0.0208333 1.73611e-05 0.66875 0.185417 0.4 0.8 0 0 0
0.0208333 1.73611e-05 0.66875 0.18125 0.4 0.8 0 0 0
0.0208333 1.73611e-05 0.66875 0.177083 0.4 0.8 0 0 0
0.0208333 1.73611e-05 0.66875 0.172917 0.4 0.8 0 0 0
0.0208333 1.73611e-05 0.66875 0.16875 0.4 0.8 0 0 0
0.0208333 1.73611e-05 0.66875 0.164583 0.4 0.8 0 0 0
0.0208333 1.73611e-05 0.66875 0.160417 0.4 0.8 0 0 0
0.0208333 1.73611e-05 0.66875 0.15625 0.4 0.8 0 0 0
0.0208333 1.73611e-05 0.66875 0.152083 0.4 0.8 0 0 0
0.0208333 1.73611e-05 0.672917 0.310417 0.4 0.8 0 0 0
0.0208333 1.73611e-05 0.672917 0.30625 0.4 0.8 0 0 0
0.0208333 1.73611e-05 0.672917 0.302083 0.4 0.8 0 0 0
0.0208333 1.73611e-05 0.672917 0.297917 0.4 0.8 0 0 0
0.0208333 1.73611e-05 0.672917 0.29375 0.4 0.8 0 0 0
0.0208333 1.73611e-05 0.672917 0.289583 0.4 0.8 0 0 0
0.0208333 1.73611e-05 0.672917 0.285417 0.4 0.8 0 0 0
0.0208333 1.73611e-05 0.672917 0.28125 0.4 0.8 0 0 0
0.0208333 1.73611e-05 0.672917 0.277083 0.4 0.8 0 0 0
0.0208333 1.73611e-05 0.672917 0.272917 0.4 0.8 0 0 0
0.0208333 1.73611e-05 0.672917 0.26875 0.4 0.8 0 0 0
0.0208333 1.73611e-05 0.672917 0.264583 0.4 0.8 0 0 0
0.0208333 1.73611e-05 0.672917 0.260417 0.4 0.8 0 0 0
0.0208333 1.73611e-05 0.672917 0.25625 0.4 0.8 0 0 0
0.0208333 1.73611e-05 0.672917 0.252083 0.4 0.8 0 0 0
0.0208333 1.73611e-05 0.672917 0.247917 0.4 0.8 0 0 0
0.0208333 1.73611e-05 0.672917 0.24375 0.4 0.8 0 0 0
0.0208333 1.73611e-05 0.672917 0.239583 0.4 0.8 0 0 0
0.0208333 1.73611e-05 0.672917 0.235417 0.4 0.8 0 0 0
0.0208333 1.73611e-05 0.672917 0.23125 0.4 0.8 0 0 0
0.0208333 1.73611e-05 0.672917 0.227083 0.4 0.8 0 0 0
0.0208333 1.73611e-05 0.672917 0.222917 0.4 0.8 0 0 0
0.0208333 1.73611e-05 0.672917 0.21875 0.4 0.8 0 0 0
0.0208333 1.73611e-05 0.672917 0.214583 0.4 0.8 0 0 0
0.0208333 1.73611e-05 0.672917 0.210417 0.4 0.8 0 0 0
0.0208333 1.73611e-05 0.672917 0.20625 0.4 0.8 0 0 0
0.0208333 1.73611e-05 0.672917 0.202083 0.4 0.8 0 0 0
0.0208333 1.73611e-05 0.672917 0.197917 0.4 0.8 0 0 0
0.0208333 1.73611e-05 0.672917 0.19375 0.4 0.8 0 0 0
0.0208333 1.73611e-05 0.672917 0.189583 0.4 0.8 0 0 0
0.0208333 1.73611e-05 0.672917 0.185417 0.4 0.8 0 0 0
0.0208333 1.73611e-05 0.672917 0.18125 0.4 0.8 0 0 0
0.0208333 1.73611e-05 0.672917 0.177083 0.4 0.8 0 0 0
0.0208333 1.73611e-05 0.672917 0.172917 0.4 0.8 0 0 0
0.0208333 1.73611e-05 0.672917 0.16875 0.4 0.8 0 0 0
0.0208333 1.73611e-05 0.672917 0.164583 0.4 0.8 0 0 0
0.0208333 1.73611e-05 0.672917 0.160417 0.4 0.8 0 0 0
0.0208333 1.73611e-05 0.672917 0.15625 0.4 0.8 0 0 0
0.0208333 1.73611e-05 0.672917 0.152083 0.4 0.8 0 0 0
0.0208333 1.73611e-05 0.677083 0.310417 0.4 0.8 0 0 0
0.0208333 1.73611e-05 0.677083 0.30625 0.4 0.8 0 0 0
0.0208333 1.73611e-05 0.677083 0.302083 0.4 0.8 0 0 0
0.0208333 1.73611e-05 0.677083 0.297917 0.4 0.8 0 0 0
0.0208333 1.73611e-05 0.677083 0.29375 0.4 0.8 0 0 0
0.0208333 1.73611e-05 0.677083 0.289583 0.4 0.8 0 0 0
0.0208333 1.73611e-05 0.677083 0.285417 0.4 0.8 0 0 0
0.0208333 1.73611e-05 0.677083 0.28125 0.4 0.8 0 0 0
0.0208333 1.73611e-05 0.677083 0.277083 0.4 0.8 0 0 0
0.0208333 1.73611e-05 0.677083 0.272917 0.4 0.8 0 0 0
0.0208333 1.73611e-05 0.677083 0.26875 0.4 0.8 0 0 0
0.0208333 1.73611e-05 0.677083 0.264583 0.4 0.8 0 0 0
0.0208333 1.73611e-05 0.677083 0.260417 0.4 0.8 0 0 0
0.0208333 1.73611e-05 0.677083 0.25625 0.4 0.8 0 0 0
0.0208333 1.73611e-05 0.677083 0.252083 0.4 0.8 0 0 0
0.0208333 1.73611e-05 0.677083 0.247917 0.4 0.8 0 0 0
0.0208333 1.73611e-05 0.677083 0.24375 0.4 0.8 0 0 0
0.0208333 1.73611e-05 0.677083 0.239583 0.4 0.8 0 0 0
0.0208333 1.73611e-05 0.677083 0.235417 0.4 0.8 0 0 0
0.0208333 1.73611e-05 0.677083 0.23125 0.4 0.8 0 0 0
0.0208333 1.73611e-05 0.677083 0.227083 0.4 0.8 0 0 0
0.0208333 1.73611e-05 0.677083 0.222917 0.4 0.8 0 0 0
0.0208333 1.73611e-05 0.677083 0.21875 0.4 0.8 0 0 0
0.0208333 1.73611e-05 0.677083 0.214583 0.4 0.8 0 0 0
0.0208333 1.73611e-05 0.677083 0.210417 0.4 0.8 0 0 0
0.0208333 1.73611e-05 0.677083 0.20625 0.4 0.8 0 0 0
0.0208333 1.73611e-05 0.677083 0.202083 0.4 0.8 0 0 0
0.0208333 1.73611e-05 0.677083 0.197917 0.4 0.8 0 0 0
0.0208333 1.73611e-05 0.677083 0.19375 0.4 0.8 0 0 0
0.0208333 1.73611e-05 0.677083 0.189583 0.4 0.8 0 0 0
0.0208333 1.73611e-05 0.677083 0.185417 0.4 0.8 0 0 0
0.0208333 1.73611e-05 0.677083 0.18125 0.4 0.8 0 0 0
0.0208333 1.73611e-05 0.677083 0.177083 0.4 0.8 0 0 0
0.0208333 1.73611e-05 0.677083 0.172917 0.4 0.8 0 0 0
0.0208333 1.73611e-05 0.677083 0.16875 0.4 0.8 0 0 0
0.0208333 1.73611e-05 0.677083 0.164583 0.4 0.8 0 0 0
0.0208333 1.73611e-05 0.677083 0.160417 0.4 0.8 0 0 0
0.0208333 1.73611e-05 0.677083 0.15625 0.4 0.8 0 0 0
0.0208333 1.73611e-05 0.677083 0.152083 0.4 0.8 0 0 0
0.0208333 1.73611e-05 0.68125 0.310417 0.4 0.8 0 0 0
0.0208333 1.73611e-05 0.68125 0.30625 0.4 0.8 0 0 0
0.0208333 1.73611e-05 0.68125 0.302083 0.4 0.8 0 0 0
0.0208333 1.73611e-05 0.68125 0.297917 0.4 0.8 0 0 0
0.0208333 1.73611e-05 0.68125 0.29375 0.4 0.8 0 0 0
0.0208333 1.73611e-05 0.68125 0.289583 0.4 0.8 0 0 0
0.0208333 1.73611e-05 0.68125 0.285417 0.4 0.8 0 0 0
0.0208333 1.73611e-05 0.68125 0.28125 0.4 0.8 0 0 0
0.0208333 1.73611e-05 0.68125 0.277083 0.4 0.8 0 0 0
0.0208333 1.73611e-05 0.68125 0.272917 0.4 0.8 0 0 0
0.0208333 1.73611e-05 0.68125 0.26875 0.4 0.8 0 0 0
0.0208333 1.73611e-05 0.68125 0.264583 0.4 0.8 0 0 0
0.0208333 1.73611e-05 0.68125 0.260417 0.4 0.8 0 0 0
0.0208333 1.73611e-05 0.68125 0.25625 0.4 0.8 0 0 0
0.0208333 1.73611e-05 0.68125 0.252083 0.4 0.8 0 0 0
0.0208333 1.73611e-05 0.68125 0.247917 0.4 0.8 0 0 0
0.0208333 1.73611e-05 0.68125 0.24375 0.4 0.8 0 0 0
0.0208333 1.73611e-05 0.68125 0.239583 0.4 0.8 0 0 0
0.0208333 1.73611e-05 0.68125 0.235417 0.4 0.8 0 0 0
0.0208333 1.73611e-05 0.68125 0.23125 0.4 0.8 0 0 0
0.0208333 1.73611e-05 0.68125 0.227083 0.4 0.8 0 0 0
0.0208333 1.73611e-05 0.68125 0.222917 0.4 0.8 0 0 0
0.0208333 1.73611e-05 0.68125 0.21875 0.4 0.8 0 0 0
0.0208333 1.73611e-05 0.68125 0.214583 0.4 0.8 0 0 0
0.0208333 1.73611e-05 0.68125 0.210417 0.4 0.8 0 0 0
0.0208333 1.73611e-05 0.68125 0.20625 0.4 0.8 0 0 0
0.0208333 1.73611e-05 0.68125 0.202083 0.4 0.8 0 0 0
0.0208333 1.73611e-05 0.68125 0.197917 0.4 0.8 0 0 0
0.0208333 1.73611e-05 0.68125 0.19375 0.4 0.8 0 0 0
0.0208333 1.73611e-05 0.68125 0.189583 0.4 0.8 0 0 0
0.0208333 1.73611e-05 0.68125 0.185417 0.4 0.8 0 0 0
0.0208333 1.73611e-05 0.68125 0.18125 0.4 0.8 0 0 0
0.0208333 1.73611e-05 0.68125 0.177083 0.4 0.8 0 0 0
0.0208333 1.73611e-05 0.68125 0.172917 0.4 0.8 0 0 0
0.0208333 1.73611e-05 0.68125 0.16875 0.4 0.8 0 0 0
0.0208333 1.73611e-05 0.68125 0.164583 0.4 0.8 0 0 0
0.0208333 1.73611e-05 0.68125 0.160417 0.4 0.8 0 0 0
0.0208333 1.73611e-05 0.68125 0.15625 0.4 0.8 0 0 0
0.0208333 1.73611e-05 0.68125 0.152083 0.4 0.8 0 0 0
0.0208333 1.73611e-05 0.685417 0.310417 0.4 0.8 0 0 0
0.0208333 1.73611e-05 0.685417 0.30625 0.4 0.8 0 0 0
0.0208333 1.73611e-05 0.685417 0.302083 0.4 0.8 0 0 0
0.0208333 1.73611e-05 0.685417 0.297917 0.4 0.8 0 0 0
0.0208333 1.73611e-05 0.685417 0.29375 0.4 0.8 0 0 0
0.0208333 1.73611e-05 0.685417 0.289583 0.4 0.8 0 0 0
0.0208333 1.73611e-05 0.685417 0.285417 0.4 0.8 0 0 0
0.0208333 1.73611e-05 0.685417 0.28125 0.4 0.8 0 0 0
0.0208333 1.73611e-05 0.685417 0.277083 0.4 0.8 0 0 0
0.0208333 1.73611e-05 0.685417 0.272917 0.4 0.8 0 0 0
0.0208333 1.73611e-05 0.685417 0.26875 0.4 0.8 0 0 0
0.0208333 1.73611e-05 0.685417 0.264583 0.4 0.8 0 0 0
0.0208333 1.73611e-05 0.685417 0.260417 0.4 0.8 0 0 0
0.0208333 1.73611e-05 0.685417 0.25625 0.4 0.8 0 0 0
0.0208333 1.73611e-05 0.685417 0.252083 0.4 0.8 0 0 0
0.0208333 1.73611e-05 0.685417 0.247917 0.4 0.8 0 0 0
0.0208333 1.73611e-05 0.685417 0.24375 0.4 0.8 0 0 0
0.0208333 1.73611e-05 0.685417 0.239583 0.4 0.8 0 0 0
0.0208333 1.73611e-05 0.685417 0.235417 0.4 0.8 0 0 0
0.0208333 1.73611e-05 0.685417 0.23125 0.4 0.8 0 0 0
0.0208333 1.73611e-05 0.685417 0.227083 0.4 0.8 0 0 0
0.0208333 1.73611e-05 0.685417 0.222917 0.4 0.8 0 0 0
0.0208333 1.73611e-05 0.685417 0.21875 0.4 0.8 0 0 0
0.0208333 1.73611e-05 0.685417 0.214583 0.4 0.8 0 0 0
0.0208333 1.73611e-05 0.685417 0.210417 0.4 0.8 0 0 0
0.0208333 1.73611e-05 0.685417 0.20625 0.4 0.8 0 0 0
0.0208333 1.73611e-05 0.685417 0.202083 0.4 0.8 0 0 0
0.0208333 1.73611e-05 0.685417 0.197917 0.4 0.8 0 0 0
0.0208333 1.73611e-05 0.685417 0.19375 0.4 0.8 0 0 0
0.0208333 1.73611e-05 0.685417 0.189583 0.4 0.8 0 0 0
0.0208333 1.73611e-05 0.685417 0.185417 0.4 0.8 0 0 0
0.0208333 1.73611e-05 0.685417 0.18125 0.4 0.8 0 0 0
0.0208333 1.73611e-05 0.685417 0.177083 0.4 0.8 0 0 0
0.0208333 1.73611e-05 0.685417 0.172917 0.4 0.8 0 0 0
0.0208333 1.73611e-05 0.685417 0.16875 0.4 0.8 0 0 0
0.0208333 1.73611e-05 0.685417 0.164583 0.4 0.8 0 0 0
0.0208333 1.73611e-05 0.685417 0.160417 0.4 0.8 0 0 0
0.0208333 1.73611e-05 0.685417 0.15625 0.4 0.8 0 0 0
0.0208333 1.73611e-05 0.685417 0.152083 0.4 0.8 0 0 0
0.0208333 1.73611e-05 0.689583 0.310417 0.4 0.8 0 0 0
0.0208333 1.73611e-05 0.689583 0.30625 0.4 0.8 0 0 0
0.0208333 1.73611e-05 0.689583 0.302083 0.4 0.8 0 0 0
0.0208333 1.73611e-05 0.689583 0.297917 0.4 0.8 0 0 0
0.0208333 1.73611e-05 0.689583 0.29375 0.4 0.8 0 0 0
0.0208333 1.73611e-05 0.689583 0.289583 0.4 0.8 0 0 0
0.0208333 1.73611e-05 0.689583 0.285417 0.4 0.8 0 0 0
0.0208333 1.73611e-05 0.689583 0.28125 0.4 0.8 0 0 0
0.0208333 1.73611e-05 0.689583 0.277083 0.4 0.8 0 0 0
0.0208333 1.73611e-05 0.689583 0.272917 0.4 0.8 0 0 0
0.0208333 1.73611e-05 0.689583 0.26875 0.4 0.8 0 0 0
0.0208333 1.73611e-05 0.689583 0.264583 0.4 0.8 0 0 0
0.0208333 1.73611e-05 0.689583 0.260417 0.4 0.8 0 0 0
0.0208333 1.73611e-05 0.689583 0.25625 0.4 0.8 0 0 0
0.0208333 1.73611e-05 0.689583 0.252083 0.4 0.8 0 0 0
0.0208333 1.73611e-05 0.689583 0.247917 0.4 0.8 0 0 0
0.0208333 1.73611e-05 0.689583 0.24375 0.4 0.8 0 0 0
0.0208333 1.73611e-05 0.689583 0.239583 0.4 0.8 0 0 0
0.0208333 1.73611e-05 0.689583 0.235417 0.4 0.8 0 0 0
0.0208333 1.73611e-05 0.689583 0.23125 0.4 0.8 0 0 0
0.0208333 1.73611e-05 0.689583 0.227083 0.4 0.8 0 0 0
0.0208333 1.73611e-05 0.689583 0.222917 0.4 0.8 0 0 0
0.0208333 1.73611e-05 0.689583 0.21875 0.4 0.8 0 0 0
0.0208333 1.73611e-05 0.689583 0.214583 0.4 0.8 0 0 0
0.0208333 1.73611e-05 0.689583 0.210417 0.4 0.8 0 0 0
0.0208333 1.73611e-05 0.689583 0.20625 0.4 0.8 0 0 0
0.0208333 1.73611e-05 0.689583 0.202083 0.4 0.8 0 0 0
0.0208333 1.73611e-05 0.689583 0.197917 0.4 0.8 0 0 0
0.0208333 1.73611e-05 0.689583 0.19375 0.4 0.8 0 0 0
0.0208333 1.73611e-05 0.689583 0.189583 0.4 0.8 0 0 0
0.0208333 1.73611e-05 0.689583 0.185417 0.4 0.8 0 0 0
0.0208333 1.73611e-05 0.689583 0.18125 0.4 0.8 0 0 0
0.0208333 1.73611e-05 0.689583 0.177083 0.4 0.8 0 0 0
0.0208333 1.73611e-05 0.689583 0.172917 0.4 0.8 0 0 0
0.0208333 1.73611e-05 0.689583 0.16875 0.4 0.8 0 0 0
0.0208333 1.73611e-05 0.689583 0.164583 0.4 0.8 0 0 0
0.0208333 1.73611e-05 0.689583 0.160417 0.4 0.8 0 0 0
0.0208333 1.73611e-05 0.689583 0.15625 0.4 0.8 0 0 0
0.0208333 1.73611e-05 0.689583 0.152083 0.4 0.8 0 0 0
0.0208333 1.73611e-05 0.69375 0.310417 0.4 0.8 0 0 0
0.0208333 1.73611e-05 0.69375 0.30625 0.4 0.8 0 0 0
0.0208333 1.73611e-05 0.69375 0.302083 0.4 0.8 0 0 0
0.0208333 1.73611e-05 0.69375 0.297917 0.4 0.8 0 0 0
0.0208333 1.73611e-05 0.69375 0.29375 0.4 0.8 0 0 0
0.0208333 1.73611e-05 0.69375 0.289583 0.4 0.8 0 0 0
0.0208333 1.73611e-05 0.69375 0.285417 0.4 0.8 0 0 0
0.0208333 1.73611e-05 0.69375 0.28125 0.4 0.8 0 0 0
0.0208333 1.73611e-05 0.69375 0.277083 0.4 0.8 0 0 0
0.0208333 1.73611e-05 0.69375 0.272917 0.4 0.8 0 0 0
0.0208333 1.73611e-05 0.69375 0.26875 0.4 0.8 0 0 0
0.0208333 1.73611e-05 0.69375 0.264583 0.4 0.8 0 0 0
0.0208333 1.73611e-05 0.69375 0.260417 0.4 0.8 0 0 0
0.0208333 1.73611e-05 0.69375 0.25625 0.4 0.8 0 0 0
0.0208333 1.73611e-05 0.69375 0.252083 0.4 0.8 0 0 0
0.0208333 1.73611e-05 0.69375 0.247917 0.4 0.8 0 0 0
0.0208333 1.73611e-05 0.69375 0.24375 0.4 0.8 0 0 0
0.0208333 1.73611e-05 0.69375 0.239583 0.4 0.8 0 0 0
0.0208333 1.73611e-05 0.69375 0.235417 0.4 0.8 0 0 0
0.0208333 1.73611e-05 0.69375 0.23125 0.4 0.8 0 0 0
0.0208333 1.73611e-05 0.69375 0.227083 0.4 0.8 0 0 0
0.0208333 1.73611e-05 0.69375 0.222917 0.4 0.8 0 0 0
0.0208333 1.73611e-05 0.69375 0.21875 0.4 0.8 0 0 0
0.0208333 1.73611e-05 0.69375 0.214583 0.4 0.8 0 0 0
0.0208333 1.73611e-05 0.69375 0.210417 0.4 0.8 0 0 0
0.0208333 1.73611e-05 0.69375 0.20625 0.4 0.8 0 0 0
0.0208333 1.73611e-05 0.69375 0.202083 0.4 0.8 0 0 0
0.0208333 1.73611e-05 0.69375 0.197917 0.4 0.8 0 0 0
0.0208333 1.73611e-05 0.69375 0.19375 0.4 0.8 0 0 0
0.0208333 1.73611e-05 0.69375 0.189583 0.4 0.8 0 0 0
0.0208333 1.73611e-05 0.69375 0.185417 0.4 0.8 0 0 0
0.0208333 1.73611e-05 0.69375 0.18125 0.4 0.8 0 0 0
0.0208333 1.73611e-05 0.69375 0.177083 0.4 0.8 0 0 0
0.0208333 1.73611e-05 0.69375 0.172917 0.4 0.8 0 0 0
0.0208333 1.73611e-05 0.69375 0.16875 0.4 0.8 0 0 0
0.0208333 1.73611e-05 0.69375 0.164583 0.4 0.8 0 0 0
0.0208333 1.73611e-05 0.69375 0.160417 0.4 0.8 0 0 0
0.0208333 1.73611e-05 0.69375 0.15625 0.4 0.8 0 0 0
0.0208333 1.73611e-05 0.69375 0.152083 0.4 0.8 0 0 0
0.0208333 1.73611e-05 0.697917 0.310417 0.4 0.8 0 0 0
0.0208333 1.73611e-05 0.697917 0.30625 0.4 0.8 0 0 0
0.0208333 1.73611e-05 0.697917 0.302083 0.4 0.8 0 0 0
0.0208333 1.73611e-05 0.697917 0.297917 0.4 0.8 0 0 0
0.0208333 1.73611e-05 0.697917 0.29375 0.4 0.8 0 0 0
0.0208333 1.73611e-05 0.697917 0.289583 0.4 0.8 0 0 0
0.0208333 1.73611e-05 0.697917 0.285417 0.4 0.8 0 0 0
0.0208333 1.73611e-05 0.697917 0.28125 0.4 0.8 0 0 0
0.0208333 1.73611e-05 0.697917 0.277083 0.4 0.8 0 0 0
0.0208333 1.73611e-05 0.697917 0.272917 0.4 0.8 0 0 0
0.0208333 1.73611e-05 0.697917 0.26875 0.4 0.8 0 0 0
0.0208333 1.73611e-05 0.697917 0.264583 0.4 0.8 0 0 0
0.0208333 1.73611e-05 0.697917 0.260417 0.4 0.8 0 0 0
0.0208333 1.73611e-05 0.697917 0.25625 0.4 0.8 0 0 0
0.0208333 1.73611e-05 0.697917 0.252083 0.4 0.8 0 0 0
0.0208333 1.73611e-05 0.697917 0.247917 0.4 0.8 0 0 0
0.0208333 1.73611e-05 0.697917 0.24375 0.4 0.8 0 0 0
0.0208333 1.73611e-05 0.697917 0.239583 0.4 0.8 0 0 0
0.0208333 1.73611e-05 0.697917 0.235417 0.4 0.8 0 0 0
0.0208333 1.73611e-05 0.697917 0.23125 0.4 0.8 0 0 0
0.0208333 1.73611e-05 0.697917 0.227083 0.4 0.8 0 0 0
0.0208333 1.73611e-05 0.697917 0.222917 0.4 0.8 0 0 0
0.0208333 1.73611e-05 0.697917 0.21875 0.4 0.8 0 0 0
0.0208333 1.73611e-05 0.697917 0.214583 0.4 0.8 0 0 0
0.0208333 1.73611e-05 0.697917 0.210417 0.4 0.8 0 0 0
0.0208333 1.73611e-05 0.697917 0.20625 0.4 0.8 0 0 0
0.0208333 1.73611e-05 0.697917 0.202083 0.4 0.8 0 0 0
0.0208333 1.73611e-05 0.697917 0.197917 0.4 0.8 0 0 0
0.0208333 1.73611e-05 0.697917 0.19375 0.4 0.8 0 0 0
0.0208333 1.73611e-05 0.697917 0.189583 0.4 0.8 0 0 0
0.0208333 1.73611e-05 0.697917 0.185417 0.4 0.8 0 0 0
0.0208333 1.73611e-05 0.697917 0.18125 0.4 0.8 0 0 0
0.0208333 1.73611e-05 0.697917 0.177083 0.4 0.8 0 0 0
0.0208333 1.73611e-05 0.697917 0.172917 0.4 0.8 0 0 0
0.0208333 1.73611e-05 0.697917 0.16875 0.4 0.8 0 0 0
0.0208333 1.73611e-05 0.697917 0.164583 0.4 0.8 0 0 0
0.0208333 1.73611e-05 0.697917 0.160417 0.4 0.8 0 0 0
0.0208333 1.73611e-05 0.697917 0.15625 0.4 0.8 0 0 0
0.0208333 1.73611e-05 0.697917 0.152083 0.4 0.8 0 0 0
0.0208333 1.73611e-05 0.702083 0.30625 0.4 0.8 0 0 0
0.0208333 1.73611e-05 0.702083 0.302083 0.4 0.8 0 0 0
0.0208333 1.73611e-05 0.702083 0.297917 0.4 0.8 0 0 0
0.0208333 1.73611e-05 0.702083 0.29375 0.4 0.8 0 0 0
0.0208333 1.73611e-05 0.702083 0.289583 0.4 0.8 0 0 0
0.0208333 1.73611e-05 0.702083 0.285417 0.4 0.8 0 0 0
0.0208333 1.73611e-05 0.702083 0.28125 0.4 0.8 0 0 0
0.0208333 1.73611e-05 0.702083 0.277083 0.4 0.8 0 0 0
0.0208333 1.73611e-05 0.702083 0.272917 0.4 0.8 0 0 0
0.0208333 1.73611e-05 0.702083 0.26875 0.4 0.8 0 0 0
0.0208333 1.73611e-05 0.702083 0.264583 0.4 0.8 0 0 0
0.0208333 1.73611e-05 0.702083 0.260417 0.4 0.8 0 0 0
0.0208333 1.73611e-05 0.702083 0.25625 0.4 0.8 0 0 0
0.0208333 1.73611e-05 0.702083 0.252083 0.4 0.8 0 0 0
0.0208333 1.73611e-05 0.702083 0.247917 0.4 0.8 0 0 0
0.0208333 1.73611e-05 0.702083 0.24375 0.4 0.8 0 0 0
0.0208333 1.73611e-05 0.702083 0.239583 0.4 0.8 0 0 0
0.0208333 1.73611e-05 0.702083 0.235417 0.4 0.8 0 0 0
0.0208333 1.73611e-05 0.702083 0.23125 0.4 0.8 0 0 0
0.0208333 1.73611e-05 0.702083 0.227083 0.4 0.8 0 0 0
0.0208333 1.73611e-05 0.702083 0.222917 0.4 0.8 0 0 0
0.0208333 1.73611e-05 0.702083 0.21875 0.4 0.8 0 0 0
0.0208333 1.73611e-05 0.702083 0.214583 0.4 0.8 0 0 0
0.0208333 1.73611e-05 0.702083 0.210417 0.4 0.8 0 0 0
0.0208333 1.73611e-05 0.702083 0.20625 0.4 0.8 0 0 0
0.0208333 1.73611e-05 0.702083 0.202083 0.4 0.8 0 0 0
0.0208333 1.73611e-05 0.702083 0.197917 0.4 0.8 0 0 0
0.0208333 1.73611e-05 0.702083 0.19375 0.4 0.8 0 0 0
0.0208333 1.73611e-05 0.702083 0.189583 0.4 0.8 0 0 0
0.0208333 1.73611e-05 0.702083 0.185417 0.4 0.8 0 0 0
0.0208333 1.73611e-05 0.702083 0.18125 0.4 0.8 0 0 0
0.0208333 1.73611e-05 0.702083 0.177083 0.4 0.8 0 0 0
0.0208333 1.73611e-05 0.702083 0.172917 0.4 0.8 0 0 0
0.0208333 1.73611e-05 0.702083 0.16875 0.4 0.8 0 0 0
0.0208333 1.73611e-05 0.702083 0.164583 0.4 0.8 0 0 0
0.0208333 1.73611e-05 0.702083 0.160417 0.4 0.8 0 0 0
0.0208333 1.73611e-05 0.702083 0.15625 0.4 0.8 0 0 0
0.0208333 1.73611e-05 0.70625 0.30625 0.4 0.8 0 0 0
0.0208333 1.73611e-05 0.70625 0.302083 0.4 0.8 0 0 0
0.0208333 1.73611e-05 0.70625 0.297917 0.4 0.8 0 0 0
0.0208333 1.73611e-05 0.70625 0.29375 0.4 0.8 0 0 0
0.0208333 1.73611e-05 0.70625 0.289583 0.4 0.8 0 0 0
0.0208333 1.73611e-05 0.70625 0.285417 0.4 0.8 0 0 0
0.0208333 1.73611e-05 0.70625 0.28125 0.4 0.8 0 0 0
0.0208333 1.73611e-05 0.70625 0.277083 0.4 0.8 0 0 0
0.0208333 1.73611e-05 0.70625 0.272917 0.4 0.8 0 0 0
0.0208333 1.73611e-05 0.70625 0.26875 0.4 0.8 0 0 0
0.0208333 1.73611e-05 0.70625 0.264583 0.4 0.8 0 0 0
0.0208333 1.73611e-05 0.70625 0.260417 0.4 0.8 0 0 0
0.0208333 1.73611e-05 0.70625 0.25625 0.4 0.8 0 0 0
0.0208333 1.73611e-05 0.70625 0.252083 0.4 0.8 0 0 0
0.0208333 1.73611e-05 0.70625 0.247917 0.4 0.8 0 0 0
0.0208333 1.73611e-05 0.70625 0.24375 0.4 0.8 0 0 0
0.0208333 1.73611e-05 0.70625 0.239583 0.4 0.8 0 0 0
0.0208333 1.73611e-05 0.70625 0.235417 0.4 0.8 0 0 0
0.0208333 1.73611e-05 0.70625 0.23125 0.4 0.8 0 0 0
0.0208333 1.73611e-05 0.70625 0.227083 0.4 0.8 0 0 0
0.0208333 1.73611e-05 0.70625 0.222917 0.4 0.8 0 0 0
0.0208333 1.73611e-05 0.70625 0.21875 0.4 0.8 0 0 0
0.0208333 1.73611e-05 0.70625 0.214583 0.4 0.8 0 0 0
0.0208333 1.73611e-05 0.70625 0.210417 0.4 0.8 0 0 0
0.0208333 1.73611e-05 0.70625 0.20625 0.4 0.8 0 0 0
0.0208333 1.73611e-05 0.70625 0.202083 0.4 0.8 0 0 0
0.0208333 1.73611e-05 0.70625 0.197917 0.4 0.8 0 0 0
0.0208333 1.73611e-05 0.70625 0.19375 0.4 0.8 0 0 0
0.0208333 1.73611e-05 0.70625 0.189583 0.4 0.8 0 0 0
0.0208333 1.73611e-05 0.70625 0.185417 0.4 0.8 0 0 0
0.0208333 1.73611e-05 0.70625 0.18125 0.4 0.8 0 0 0
0.0208333 1.73611e-05 0.70625 0.177083 0.4 0.8 0 0 0
0.0208333 1.73611e-05 0.70625 0.172917 0.4 0.8 0 0 0
0.0208333 1.73611e-05 0.70625 0.16875 0.4 0.8 0 0 0
0.0208333 1.73611e-05 0.70625 0.164583 0.4 0.8 0 0 0
0.0208333 1.73611e-05 0.70625 0.160417 0.4 0.8 0 0 0
0.0208333 1.73611e-05 0.70625 0.15625 0.4 0.8 0 0 0
0.0208333 1.73611e-05 0.710417 0.30625 0.4 0.8 0 0 0
0.0208333 1.73611e-05 0.710417 0.302083 0.4 0.8 0 0 0
0.0208333 1.73611e-05 0.710417 0.297917 0.4 0.8 0 0 0
0.0208333 1.73611e-05 0.710417 0.29375 0.4 0.8 0 0 0
0.0208333 1.73611e-05 0.710417 0.289583 0.4 0.8 0 0 0
0.0208333 1.73611e-05 0.710417 0.285417 0.4 0.8 0 0 0
0.0208333 1.73611e-05 0.710417 0.28125 0.4 0.8 0 0 0
0.0208333 1.73611e-05 0.710417 0.277083 0.4 0.8 0 0 0
0.0208333 1.73611e-05 0.710417 0.272917 0.4 0.8 0 0 0
0.0208333 1.73611e-05 0.710417 0.26875 0.4 0.8 0 0 0
0.0208333 1.73611e-05 0.710417 0.264583 0.4 0.8 0 0 0
0.0208333 1.73611e-05 0.710417 0.260417 0.4 0.8 0 0 0
0.0208333 1.73611e-05 0.710417 0.25625 0.4 0.8 0 0 0
0.0208333 1.73611e-05 0.710417 0.252083 0.4 0.8 0 0 0
0.0208333 1.73611e-05 0.710417 0.247917 0.4 0.8 0 0 0
0.0208333 1.73611e-05 0.710417 0.24375 0.4 0.8 0 0 0
0.0208333 1.73611e-05 0.710417 0.239583 0.4 0.8 0 0 0
0.0208333 1.73611e-05 0.710417 0.235417 0.4 0.8 0 0 0
0.0208333 1.73611e-05 0.710417 0.23125 0.4 0.8 0 0 0
0.0208333 1.73611e-05 0.710417 0.227083 0.4 0.8 0 0 0
0.0208333 1.73611e-05 0.710417 0.222917 0.4 0.8 0 0 0
0.0208333 1.73611e-05 0.710417 0.21875 0.4 0.8 0 0 0
0.0208333 1.73611e-05 0.710417 0.214583 0.4 0.8 0 0 0
0.0208333 1.73611e-05 0.710417 0.210417 0.4 0.8 0 0 0
0.0208333 1.73611e-05 0.710417 0.20625 0.4 0.8 0 0 0
0.0208333 1.73611e-05 0.710417 0.202083 0.4 0.8 0 0 0
0.0208333 1.73611e-05 0.710417 0.197917 0.4 0.8 0 0 0
0.0208333 1.73611e-05 0.710417 0.19375 0.4 0.8 0 0 0
0.0208333 1.73611e-05 0.710417 0.189583 0.4 0.8 0 0 0
0.0208333 1.73611e-05 0.710417 0.185417 0.4 0.8 0 0 0
0.0208333 1.73611e-05 0.710417 0.18125 0.4 0.8 0 0 0
0.0208333 1.73611e-05 0.710417 0.177083 0.4 0.8 0 0 0
0.0208333 1.73611e-05 0.710417 0.172917 0.4 0.8 0 0 0
0.0208333 1.73611e-05 0.710417 0.16875 0.4 0.8 0 0 0
0.0208333 1.73611e-05 0.710417 0.164583 0.4 0.8 0 0 0
0.0208333 1.73611e-05 0.710417 0.160417 0.4 0.8 0 0 0
0.0208333 1.73611e-05 0.710417 0.15625 0.4 0.8 0 0 0
0.0208333 1.73611e-05 0.714583 0.302083 0.4 0.8 0 0 0
0.0208333 1.73611e-05 0.714583 0.297917 0.4 0.8 0 0 0
0.0208333 1.73611e-05 0.714583 0.29375 0.4 0.8 0 0 0
0.0208333 1.73611e-05 0.714583 0.289583 0.4 0.8 0 0 0
0.0208333 1.73611e-05 0.714583 0.285417 0.4 0.8 0 0 0
0.0208333 1.73611e-05 0.714583 0.28125 0.4 0.8 0 0 0
0.0208333 1.73611e-05 0.714583 0.277083 0.4 0.8 0 0 0
0.0208333 1.73611e-05 0.714583 0.272917 0.4 0.8 0 0 0
0.0208333 1.73611e-05 0.714583 0.26875 0.4 0.8 0 0 0
0.0208333 1.73611e-05 0.714583 0.264583 0.4 0.8 0 0 0
0.0208333 1.73611e-05 0.714583 0.260417 0.4 0.8 0 0 0
0.0208333 1.73611e-05 0.714583 0.25625 0.4 0.8 0 0 0
0.0208333 1.73611e-05 0.714583 0.252083 0.4 0.8 0 0 0
0.0208333 1.73611e-05 0.714583 0.247917 0.4 0.8 0 0 0
0.0208333 1.73611e-05 0.714583 0.24375 0.4 0.8 0 0 0
0.0208333 1.73611e-05 0.714583 0.239583 0.4 0.8 0 0 0
0.0208333 1.73611e-05 0.714583 0.235417 0.4 0.8 0 0 0
0.0208333 1.73611e-05 0.714583 0.23125 0.4 0.8 0 0 0
0.0208333 1.73611e-05 0.714583 0.227083 0.4 0.8 0 0 0
0.0208333 1.73611e-05 0.714583 0.222917 0.4 0.8 0 0 0
0.0208333 1.73611e-05 0.714583 0.21875 0.4 0.8 0 0 0
0.0208333 1.73611e-05 0.714583 0.214583 0.4 0.8 0 0 0
0.0208333 1.73611e-05 0.714583 0.210417 0.4 0.8 0 0 0
0.0208333 1.73611e-05 0.714583 0.20625 0.4 0.8 0 0 0
0.0208333 1.73611e-05 0.714583 0.202083 0.4 0.8 0 0 0
0.0208333 1.73611e-05 0.714583 0.197917 0.4 0.8 0 0 0
0.0208333 1.73611e-05 0.714583 0.19375 0.4 0.8 0 0 0
0.0208333 1.73611e-05 0.714583 0.189583 0.4 0.8 0 0 0
0.0208333 1.73611e-05 0.714583 0.185417 0.4 0.8 0 0 0
0.0208333 1.73611e-05 0.714583 0.18125 0.4 0.8 0 0 0
0.0208333 1.73611e-05 0.714583 0.177083 0.4 0.8 0 0 0
0.0208333 1.73611e-05 0.714583 0.172917 0.4 0.8 0 0 0
0.0208333 1.73611e-05 0.714583 0.16875 0.4 0.8 0 0 0
0.0208333 1.73611e-05 0.714583 0.164583 0.4 0.8 0 0 0
0.0208333 1.73611e-05 0.714583 0.160417 0.4 0.8 0 0 0
0.0208333 1.73611e-05 0.71875 0.302083 0.4 0.8 0 0 0
0.0208333 1.73611e-05 0.71875 0.297917 0.4 0.8 0 0 0
0.0208333 1.73611e-05 0.71875 0.29375 0.4 0.8 0 0 0
0.0208333 1.73611e-05 0.71875 0.289583 0.4 0.8 0 0 0
0.0208333 1.73611e-05 0.71875 0.285417 0.4 0.8 0 0 0
0.0208333 1.73611e-05 0.71875 0.28125 0.4 0.8 0 0 0
0.0208333 1.73611e-05 0.71875 0.277083 0.4 0.8 0 0 0
0.0208333 1.73611e-05 0.71875 0.272917 0.4 0.8 0 0 0
0.0208333 1.73611e-05 0.71875 0.26875 0.4 0.8 0 0 0
0.0208333 1.73611e-05 0.71875 0.264583 0.4 0.8 0 0 0
0.0208333 1.73611e-05 0.71875 0.260417 0.4 0.8 0 0 0
0.0208333 1.73611e-05 0.71875 0.25625 0.4 0.8 0 0 0
0.0208333 1.73611e-05 0.71875 0.252083 0.4 0.8 0 0 0
0.0208333 1.73611e-05 0.71875 0.247917 0.4 0.8 0 0 0
0.0208333 1.73611e-05 0.71875 0.24375 0.4 0.8 0 0 0
0.0208333 1.73611e-05 0.71875 0.239583 0.4 0.8 0 0 0
0.0208333 1.73611e-05 0.71875 0.235417 0.4 0.8 0 0 0
0.0208333 1.73611e-05 0.71875 0.23125 0.4 0.8 0 0 0
0.0208333 1.73611e-05 0.71875 0.227083 0.4 0.8 0 0 0
0.0208333 1.73611e-05 0.71875 0.222917 0.4 0.8 0 0 0
0.0208333 1.73611e-05 0.71875 0.21875 0.4 0.8 0 0 0
0.0208333 1.73611e-05 0.71875 0.214583 0.4 0.8 0 0 0
0.0208333 1.73611e-05 0.71875 0.210417 0.4 0.8 0 0 0
0.0208333 1.73611e-05 0.71875 0.20625 0.4 0.8 0 0 0
0.0208333 1.73611e-05 0.71875 0.202083 0.4 0.8 0 0 0
0.0208333 1.73611e-05 0.71875 0.197917 0.4 0.8 0 0 0
0.0208333 1.73611e-05 0.71875 0.19375 0.4 0.8 0 0 0
0.0208333 1.73611e-05 0.71875 0.189583 0.4 0.8 0 0 0
0.0208333 1.73611e-05 0.71875 0.185417 0.4 0.8 0 0 0
0.0208333 1.73611e-05 0.71875 0.18125 0.4 0.8 0 0 0
0.0208333 1.73611e-05 0.71875 0.177083 0.4 0.8 0 0 0
0.0208333 1.73611e-05 0.71875 0.172917 0.4 0.8 0 0 0
0.0208333 1.73611e-05 0.71875 0.16875 0.4 0.8 0 0 0
0.0208333 1.73611e-05 0.71875 0.164583 0.4 0.8 0 0 0
0.0208333 1.73611e-05 0.71875 0.160417 0.4 0.8 0 0 0
0.0208333 1.73611e-05 0.722917 0.297917 0.4 0.8 0 0 0
0.0208333 1.73611e-05 0.722917 0.29375 0.4 0.8 0 0 0
0.0208333 1.73611e-05 0.722917 0.289583 0.4 0.8 0 0 0
0.0208333 1.73611e-05 0.722917 0.285417 0.4 0.8 0 0 0
0.0208333 1.73611e-05 0.722917 0.28125 0.4 0.8 0 0 0
0.0208333 1.73611e-05 0.722917 0.277083 0.4 0.8 0 0 0
0.0208333 1.73611e-05 0.722917 0.272917 0.4 0.8 0 0 0
0.0208333 1.73611e-05 0.722917 0.26875 0.4 0.8 0 0 0
0.0208333 1.73611e-05 0.722917 0.264583 0.4 0.8 0 0 0
0.0208333 1.73611e-05 0.722917 0.260417 0.4 0.8 0 0 0
0.0208333 1.73611e-05 0.722917 0.25625 0.4 0.8 0 0 0
0.0208333 1.73611e-05 0.722917 0.252083 0.4 0.8 0 0 0
0.0208333 1.73611e-05 0.722917 0.247917 0.4 0.8 0 0 0
0.0208333 1.73611e-05 0.722917 0.24375 0.4 0.8 0 0 0
0.0208333 1.73611e-05 0.722917 0.239583 0.4 0.8 0 0 0
0.0208333 1.73611e-05 0.722917 0.235417 0.4 0.8 0 0 0
0.0208333 1.73611e-05 0.722917 0.23125 0.4 0.8 0 0 0
0.0208333 1.73611e-05 0.722917 0.227083 0.4 0.8 0 0 0
0.0208333 1.73611e-05 0.722917 0.222917 0.4 0.8 0 0 0
0.0208333 1.73611e-05 0.722917 0.21875 0.4 0.8 0 0 0
0.0208333 1.73611e-05 0.722917 0.214583 0.4 0.8 0 0 0
0.0208333 1.73611e-05 0.722917 0.210417 0.4 0.8 0 0 0
0.0208333 1.73611e-05 0.722917 0.20625 0.4 0.8 0 0 0
0.0208333 1.73611e-05 0.722917 0.202083 0.4 0.8 0 0 0
0.0208333 1.73611e-05 0.722917 0.197917 0.4 0.8 0 0 0
0.0208333 1.73611e-05 0.722917 0.19375 0.4 0.8 0 0 0
0.0208333 1.73611e-05 0.722917 0.189583 0.4 0.8 0 0 0
0.0208333 1.73611e-05 0.722917 0.185417 0.4 0.8 0 0 0
0.0208333 1.73611e-05 0.722917 0.18125 0.4 0.8 0 0 0
0.0208333 1.73611e-05 0.722917 0.177083 0.4 0.8 0 0 0
0.0208333 1.73611e-05 0.722917 0.172917 0.4 0.8 0 0 0
0.0208333 1.73611e-05 0.722917 0.16875 0.4 0.8 0 0 0
0.0208333 1.73611e-05 0.722917 0.164583 0.4 0.8 0 0 0
0.0208333 1.73611e-05 0.727083 0.29375 0.4 0.8 0 0 0
0.0208333 1.73611e-05 0.727083 0.289583 0.4 0.8 0 0 0
0.0208333 1.73611e-05 0.727083 0.285417 0.4 0.8 0 0 0
0.0208333 1.73611e-05 0.727083 0.28125 0.4 0.8 0 0 0
0.0208333 1.73611e-05 0.727083 0.277083 0.4 0.8 0 0 0
0.0208333 1.73611e-05 0.727083 0.272917 0.4 0.8 0 0 0
0.0208333 1.73611e-05 0.727083 0.26875 0.4 0.8 0 0 0
0.0208333 1.73611e-05 0.727083 0.264583 0.4 0.8 0 0 0
0.0208333 1.73611e-05 0.727083 0.260417 0.4 0.8 0 0 0
0.0208333 1.73611e-05 0.727083 0.25625 0.4 0.8 0 0 0
0.0208333 1.73611e-05 0.727083 0.252083 0.4 0.8 0 0 0
0.0208333 1.73611e-05 0.727083 0.247917 0.4 0.8 0 0 0
0.0208333 1.73611e-05 0.727083 0.24375 0.4 0.8 0 0 0
0.0208333 1.73611e-05 0.727083 0.239583 0.4 0.8 0 0 0
0.0208333 1.73611e-05 0.727083 0.235417 0.4 0.8 0 0 0
0.0208333 1.73611e-05 0.727083 0.23125 0.4 0.8 0 0 0
0.0208333 1.73611e-05 0.727083 0.227083 0.4 0.8 0 0 0
0.0208333 1.73611e-05 0.727083 0.222917 0.4 0.8 0 0 0
0.0208333 1.73611e-05 0.727083 0.21875 0.4 0.8 0 0 0
0.0208333 1.73611e-05 0.727083 0.214583 0.4 0.8 0 0 0
0.0208333 1.73611e-05 0.727083 0.210417 0.4 0.8 0 0 0
0.0208333 1.73611e-05 0.727083 0.20625 0.4 0.8 0 0 0
0.0208333 1.73611e-05 0.727083 0.202083 0.4 0.8 0 0 0
0.0208333 1.73611e-05 0.727083 0.197917 0.4 0.8 0 0 0
0.0208333 1.73611e-05 0.727083 0.19375 0.4 0.8 0 0 0
0.0208333 1.73611e-05 0.727083 0.189583 0.4 0.8 0 0 0
0.0208333 1.73611e-05 0.727083 0.185417 0.4 0.8 0 0 0
0.0208333 1.73611e-05 0.727083 0.18125 0.4 0.8 0 0 0
0.0208333 1.73611e-05 0.727083 0.177083 0.4 0.8 0 0 0
0.0208333 1.73611e-05 0.727083 0.172917 0.4 0.8 0 0 0
0.0208333 1.73611e-05 0.727083 0.16875 0.4 0.8 0 0 0
0.0208333 1.73611e-05 0.73125 0.29375 0.4 0.8 0 0 0
0.0208333 1.73611e-05 0.73125 0.289583 0.4 0.8 0 0 0
0.0208333 1.73611e-05 0.73125 0.285417 0.4 0.8 0 0 0
0.0208333 1.73611e-05 0.73125 0.28125 0.4 0.8 0 0 0
0.0208333 1.73611e-05 0.73125 0.277083 0.4 0.8 0 0 0
0.0208333 1.73611e-05 0.73125 0.272917 0.4 0.8 0 0 0
0.0208333 1.73611e-05 0.73125 0.26875 0.4 0.8 0 0 0
0.0208333 1.73611e-05 0.73125 0.264583 0.4 0.8 0 0 0
0.0208333 1.73611e-05 0.73125 0.260417 0.4 0.8 0 0 0
0.0208333 1.73611e-05 0.73125 0.25625 0.4 0.8 0 0 0
0.0208333 1.73611e-05 0.73125 0.252083 0.4 0.8 0 0 0
0.0208333 1.73611e-05 0.73125 0.247917 0.4 0.8 0 0 0
0.0208333 1.73611e-05 0.73125 0.24375 0.4 0.8 0 0 0
0.0208333 1.73611e-05 0.73125 0.239583 0.4 0.8 0 0 0
0.0208333 1.73611e-05 0.73125 0.235417 0.4 0.8 0 0 0
0.0208333 1.73611e-05 0.73125 0.23125 0.4 0.8 0 0 0
0.0208333 1.73611e-05 0.73125 0.227083 0.4 0.8 0 0 0
0.0208333 1.73611e-05 0.73125 0.222917 0.4 0.8 0 0 0
0.0208333 1.73611e-05 0.73125 0.21875 0.4 0.8 0 0 0
0.0208333 1.73611e-05 0.73125 0.214583 0.4 0.8 0 0 0
0.0208333 1.73611e-05 0.73125 0.210417 0.4 0.8 0 0 0
0.0208333 1.73611e-05 0.73125 0.20625 0.4 0.8 0 0 0
0.0208333 1.73611e-05 0.73125 0.202083 0.4 0.8 0 0 0
0.0208333 1.73611e-05 0.73125 0.197917 0.4 0.8 0 0 0
0.0208333 1.73611e-05 0.73125 0.19375 0.4 0.8 0 0 0
0.0208333 1.73611e-05 0.73125 0.189583 0.4 0.8 0 0 0
0.0208333 1.73611e-05 0.73125 0.185417 0.4 0.8 0 0 0
0.0208333 1.73611e-05 0.73125 0.18125 0.4 0.8 0 0 0
0.0208333 1.73611e-05 0.73125 0.177083 0.4 0.8 0 0 0
0.0208333 1.73611e-05 0.73125 0.172917 0.4 0.8 0 0 0
0.0208333 1.73611e-05 0.73125 0.16875 0.4 0.8 0 0 0
0.0208333 1.73611e-05 0.735417 0.289583 0.4 0.8 0 0 0
0.0208333 1.73611e-05 0.735417 0.285417 0.4 0.8 0 0 0
0.0208333 1.73611e-05 0.735417 0.28125 0.4 0.8 0 0 0
0.0208333 1.73611e-05 0.735417 0.277083 0.4 0.8 0 0 0
0.0208333 1.73611e-05 0.735417 0.272917 0.4 0.8 0 0 0
0.0208333 1.73611e-05 0.735417 0.26875 0.4 0.8 0 0 0
0.0208333 1.73611e-05 0.735417 0.264583 0.4 0.8 0 0 0
0.0208333 1.73611e-05 0.735417 0.260417 0.4 0.8 0 0 0
0.0208333 1.73611e-05 0.735417 0.25625 0.4 0.8 0 0 0
0.0208333 1.73611e-05 0.735417 0.252083 0.4 0.8 0 0 0
0.0208333 1.73611e-05 0.735417 0.247917 0.4 0.8 0 0 0
0.0208333 1.73611e-05 0.735417 0.24375 0.4 0.8 0 0 0
0.0208333 1.73611e-05 0.735417 0.239583 0.4 0.8 0 0 0
0.0208333 1.73611e-05 0.735417 0.235417 0.4 0.8 0 0 0
0.0208333 1.73611e-05 0.735417 0.23125 0.4 0.8 0 0 0
0.0208333 1.73611e-05 0.735417 0.227083 0.4 0.8 0 0 0
0.0208333 1.73611e-05 0.735417 0.222917 0.4 0.8 0 0 0
0.0208333 1.73611e-05 0.735417 0.21875 0.4 0.8 0 0 0
0.0208333 1.73611e-05 0.735417 0.214583 0.4 0.8 0 0 0
0.0208333 1.73611e-05 0.735417 0.210417 0.4 0.8 0 0 0
0.0208333 1.73611e-05 0.735417 0.20625 0.4 0.8 0 0 0
0.0208333 1.73611e-05 0.735417 0.202083 0.4 0.8 0 0 0
0.0208333 1.73611e-05 0.735417 0.197917 0.4 0.8 0 0 0
0.0208333 1.73611e-05 0.735417 0.19375 0.4 0.8 0 0 0
0.0208333 1.73611e-05 0.735417 0.189583 0.4 0.8 0 0 0
0.0208333 1.73611e-05 0.735417 0.185417 0.4 0.8 0 0 0
0.0208333 1.73611e-05 0.735417 0.18125 0.4 0.8 0 0 0
0.0208333 1.73611e-05 0.735417 0.177083 0.4 0.8 0 0 0
0.0208333 1.73611e-05 0.735417 0.172917 0.4 0.8 0 0 0
0.0208333 1.73611e-05 0.739583 0.285417 0.4 0.8 0 0 0
0.0208333 1.73611e-05 0.739583 0.28125 0.4 0.8 0 0 0
0.0208333 1.73611e-05 0.739583 0.277083 0.4 0.8 0 0 0
0.0208333 1.73611e-05 0.739583 0.272917 0.4 0.8 0 0 0
0.0208333 1.73611e-05 0.739583 0.26875 0.4 0.8 0 0 0
0.0208333 1.73611e-05 0.739583 0.264583 0.4 0.8 0 0 0
0.0208333 1.73611e-05 0.739583 0.260417 0.4 0.8 0 0 0
0.0208333 1.73611e-05 0.739583 0.25625 0.4 0.8 0 0 0
0.0208333 1.73611e-05 0.739583 0.252083 0.4 0.8 0 0 0
0.0208333 1.73611e-05 0.739583 0.247917 0.4 0.8 0 0 0
0.0208333 1.73611e-05 0.739583 0.24375 0.4 0.8 0 0 0
0.0208333 1.73611e-05 0.739583 0.239583 0.4 0.8 0 0 0
0.0208333 1.73611e-05 0.739583 0.235417 0.4 0.8 0 0 0
0.0208333 1.73611e-05 0.739583 0.23125 0.4 0.8 0 0 0
0.0208333 1.73611e-05 0.739583 0.227083 0.4 0.8 0 0 0
0.0208333 1.73611e-05 0.739583 0.222917 0.4 0.8 0 0 0
0.0208333 1.73611e-05 0.739583 0.21875 0.4 0.8 0 0 0
0.0208333 1.73611e-05 0.739583 0.214583 0.4 0.8 0 0 0
0.0208333 1.73611e-05 0.739583 0.210417 0.4 0.8 0 0 0
0.0208333 1.73611e-05 0.739583 0.20625 0.4 0.8 0 0 0
0.0208333 1.73611e-05 0.739583 0.202083 0.4 0.8 0 0 0
0.0208333 1.73611e-05 0.739583 0.197917 0.4 0.8 0 0 0
0.0208333 1.73611e-05 0.739583 0.19375 0.4 0.8 0 0 0
0.0208333 1.73611e-05 0.739583 0.189583 0.4 0.8 0 0 0
0.0208333 1.73611e-05 0.739583 0.185417 0.4 0.8 0 0 0
0.0208333 1.73611e-05 0.739583 0.18125 0.4 0.8 0 0 0
0.0208333 1.73611e-05 0.739583 0.177083 0.4 0.8 0 0 0
0.0208333 1.73611e-05 0.74375 0.277083 0.4 0.8 0 0 0
0.0208333 1.73611e-05 0.74375 0.272917 0.4 0.8 0 0 0
0.0208333 1.73611e-05 0.74375 0.26875 0.4 0.8 0 0 0
0.0208333 1.73611e-05 0.74375 0.264583 0.4 0.8 0 0 0
0.0208333 1.73611e-05 0.74375 0.260417 0.4 0.8 0 0 0
0.0208333 1.73611e-05 0.74375 0.25625 0.4 0.8 0 0 0
0.0208333 1.73611e-05 0.74375 0.252083 0.4 0.8 0 0 0
0.0208333 1.73611e-05 0.74375 0.247917 0.4 0.8 0 0 0
0.0208333 1.73611e-05 0.74375 0.24375 0.4 0.8 0 0 0
0.0208333 1.73611e-05 0.74375 0.239583 0.4 0.8 0 0 0
0.0208333 1.73611e-05 0.74375 0.235417 0.4 0.8 0 0 0
0.0208333 1.73611e-05 0.74375 0.23125 0.4 0.8 0 0 0
0.0208333 1.73611e-05 0.74375 0.227083 0.4 0.8 0 0 0
0.0208333 1.73611e-05 0.74375 0.222917 0.4 0.8 0 0 0
0.0208333 1.73611e-05 0.74375 0.21875 0.4 0.8 0 0 0
0.0208333 1.73611e-05 0.74375 0.214583 0.4 0.8 0 0 0
0.0208333 1.73611e-05 0.74375 0.210417 0.4 0.8 0 0 0
0.0208333 1.73611e-05 0.74375 0.20625 0.4 0.8 0 0 0
0.0208333 1.73611e-05 0.74375 0.202083 0.4 0.8 0 0 0
0.0208333 1.73611e-05 0.74375 0.197917 0.4 0.8 0 0 0
0.0208333 1.73611e-05 0.74375 0.19375 0.4 0.8 0 0 0
0.0208333 1.73611e-05 0.74375 0.189583 0.4 0.8 0 0 0
0.0208333 1.73611e-05 0.74375 0.185417 0.4 0.8 0 0 0
0.0208333 1.73611e-05 0.747917 0.272917 0.4 0.8 0 0 0
0.0208333 1.73611e-05 0.747917 0.26875 0.4 0.8 0 0 0
0.0208333 1.73611e-05 0.747917 0.264583 0.4 0.8 0 0 0
0.0208333 1.73611e-05 0.747917 0.260417 0.4 0.8 0 0 0
0.0208333 1.73611e-05 0.747917 0.25625 0.4 0.8 0 0 0
0.0208333 1.73611e-05 0.747917 0.252083 0.4 0.8 0 0 0
0.0208333 1.73611e-05 0.747917 0.247917 0.4 0.8 0 0 0
0.0208333 1.73611e-05 0.747917 0.24375 0.4 0.8 0 0 0
0.0208333 1.73611e-05 0.747917 0.239583 0.4 0.8 0 0 0
0.0208333 1.73611e-05 0.747917 0.235417 0.4 0.8 0 0 0
0.0208333 1.73611e-05 0.747917 0.23125 0.4 0.8 0 0 0
0.0208333 1.73611e-05 0.747917 0.227083 0.4 0.8 0 0 0
0.0208333 1.73611e-05 0.747917 0.222917 0.4 0.8 0 0 0
0.0208333 1.73611e-05 0.747917 0.21875 0.4 0.8 0 0 0
0.0208333 1.73611e-05 0.747917 0.214583 0.4 0.8 0 0 0
0.0208333 1.73611e-05 0.747917 0.210417 0.4 0.8 0 0 0
0.0208333 1.73611e-05 0.747917 0.20625 0.4 0.8 0 0 0
0.0208333 1.73611e-05 0.747917 0.202083 0.4 0.8 0 0 0
0.0208333 1.73611e-05 0.747917 0.197917 0.4 0.8 0 0 0
0.0208333 1.73611e-05 0.747917 0.19375 0.4 0.8 0 0 0
0.0208333 1.73611e-05 0.747917 0.189583 0.4 0.8 0 0 0
0.0208333 1.73611e-05 0.752083 0.264583 0.4 0.8 0 0 0
0.0208333 1.73611e-05 0.752083 0.260417 0.4 0.8 0 0 0
0.0208333 1.73611e-05 0.752083 0.25625 0.4 0.8 0 0 0
0.0208333 1.73611e-05 0.752083 0.252083 0.4 0.8 0 0 0
0.0208333 1.73611e-05 0.752083 0.247917 0.4 0.8 0 0 0
0.0208333 1.73611e-05 0.752083 0.24375 0.4 0.8 0 0 0
0.0208333 1.73611e-05 0.752083 0.239583 0.4 0.8 0 0 0
0.0208333 1.73611e-05 0.752083 0.235417 0.4 0.8 0 0 0
0.0208333 1.73611e-05 0.752083 0.23125 0.4 0.8 0 0 0
0.0208333 1.73611e-05 0.752083 0.227083 0.4 0.8 0 0 0
0.0208333 1.73611e-05 0.752083 0.222917 0.4 0.8 0 0 0
0.0208333 1.73611e-05 0.752083 0.21875 0.4 0.8 0 0 0
0.0208333 1.73611e-05 0.752083 0.214583 0.4 0.8 0 0 0
0.0208333 1.73611e-05 0.752083 0.210417 0.4 0.8 0 0 0
0.0208333 1.73611e-05 0.752083 0.20625 0.4 0.8 0 0 0
0.0208333 1.73611e-05 0.752083 0.202083 0.4 0.8 0 0 0
0.0208333 1.73611e-05 0.752083 0.197917 0.4 0.8 0 0 0
0.0208333 1.73611e-05 0.75625 0.252083 0.4 0.8 0 0 0
0.0208333 1.73611e-05 0.75625 0.247917 0.4 0.8 0 0 0
0.0208333 1.73611e-05 0.75625 0.24375 0.4 0.8 0 0 0
0.0208333 1.73611e-05 0.75625 0.239583 0.4 0.8 0 0 0
0.0208333 1.73611e-05 0.75625 0.235417 0.4 0.8 0 0 0
0.0208333 1.73611e-05 0.75625 0.23125 0.4 0.8 0 0 0
0.0208333 1.73611e-05 0.75625 0.227083 0.4 0.8 0 0 0
0.0208333 1.73611e-05 0.75625 0.222917 0.4 0.8 0 0 0
0.0208333 1.73611e-05 0.75625 0.21875 0.4 0.8 0 0 0
0.0208333 1.73611e-05 0.75625 0.214583 0.4 0.8 0 0 0
0.0208333 1.73611e-05 0.75625 0.210417 0.4 0.8 0 0 0
