152
0.0585938 3.90625e-05 0.003125 0.465625 0 0 0 0 0
0.0585938 3.90625e-05 0.003125 0.471875 0 0 0 0 0
0.0585938 3.90625e-05 0.009375 0.465625 0 0 0 0 0
0.0585938 3.90625e-05 0.009375 0.471875 0 0 0 0 0
0.0585938 3.90625e-05 0.003125 0.453125 0 0 0 0 0
0.0585938 3.90625e-05 0.003125 0.459375 0 0 0 0 0
0.0585938 3.90625e-05 0.009375 0.453125 0 0 0 0 0
0.0585938 3.90625e-05 0.009375 0.459375 0 0 0 0 0
0.0585938 3.90625e-05 0.003125 0.440625 0 0 0 0 0
0.0585938 3.90625e-05 0.003125 0.446875 0 0 0 0 0
0.0585938 3.90625e-05 0.009375 0.440625 0 0 0 0 0
0.0585938 3.90625e-05 0.009375 0.446875 0 0 0 0 0
0.0585938 3.90625e-05 0.003125 0.428125 0 0 0 0 0
0.0585938 3.90625e-05 0.003125 0.434375 0 0 0 0 0
0.0585938 3.90625e-05 0.009375 0.428125 0 0 0 0 0
0.0585938 3.90625e-05 0.009375 0.434375 0 0 0 0 0
0.0585938 3.90625e-05 0.003125 0.415625 0 0 0 0 0
0.0585938 3.90625e-05 0.003125 0.421875 0 0 0 0 0
0.0585938 3.90625e-05 0.009375 0.415625 0 0 0 0 0
0.0585938 3.90625e-05 0.009375 0.421875 0 0 0 0 0
0.0585938 3.90625e-05 0.003125 0.403125 0 0 0 0 0
0.0585938 3.90625e-05 0.003125 0.409375 0 0 0 0 0
0.0585938 3.90625e-05 0.009375 0.403125 0 0 0 0 0
0.0585938 3.90625e-05 0.009375 0.409375 0 0 0 0 0
0.0585938 3.90625e-05 0.003125 0.390625 0 0 0 0 0
0.0585938 3.90625e-05 0.003125 0.396875 0 0 0 0 0
0.0585938 3.90625e-05 0.009375 0.390625 0 0 0 0 0
0.0585938 3.90625e-05 0.009375 0.396875 0 0 0 0 0
0.0585938 3.90625e-05 0.003125 0.378125 0 0 0 0 0
0.0585938 3.90625e-05 0.003125 0.384375 0 0 0 0 0
0.0585938 3.90625e-05 0.009375 0.378125 0 0 0 0 0
0.0585938 3.90625e-05 0.009375 0.384375 0 0 0 0 0
0.0585938 3.90625e-05 0.003125 0.365625 0 0 0 0 0
0.0585938 3.90625e-05 0.003125 0.371875 0 0 0 0 0
0.0585938 3.90625e-05 0.009375 0.365625 0 0 0 0 0
0.0585938 3.90625e-05 0.009375 0.371875 0 0 0 0 0
0.0585938 3.90625e-05 0.003125 0.353125 0 0 0 0 0
0.0585938 3.90625e-05 0.003125 0.359375 0 0 0 0 0
0.0585938 3.90625e-05 0.009375 0.353125 0 0 0 0 0
0.0585938 3.90625e-05 0.009375 0.359375 0 0 0 0 0
0.0585938 3.90625e-05 0.003125 0.340625 0 0 0 0 0
0.0585938 3.90625e-05 0.003125 0.346875 0 0 0 0 0
0.0585938 3.90625e-05 0.009375 0.340625 0 0 0 0 0
0.0585938 3.90625e-05 0.009375 0.346875 0 0 0 0 0
0.0585938 3.90625e-05 0.003125 0.328125 0 0 0 0 0
0.0585938 3.90625e-05 0.003125 0.334375 0 0 0 0 0
0.0585938 3.90625e-05 0.009375 0.328125 0 0 0 0 0
0.0585938 3.90625e-05 0.009375 0.334375 0 0 0 0 0
0.0585938 3.90625e-05 0.003125 0.315625 0 0 0 0 0
0.0585938 3.90625e-05 0.003125 0.321875 0 0 0 0 0
0.0585938 3.90625e-05 0.009375 0.315625 0 0 0 0 0
0.0585938 3.90625e-05 0.009375 0.321875 0 0 0 0 0
0.0585938 3.90625e-05 0.003125 0.303125 0 0 0 0 0
0.0585938 3.90625e-05 0.003125 0.309375 0 0 0 0 0
0.0585938 3.90625e-05 0.009375 0.303125 0 0 0 0 0
0.0585938 3.90625e-05 0.009375 0.309375 0 0 0 0 0
0.0585938 3.90625e-05 0.003125 0.290625 0 0 0 0 0
0.0585938 3.90625e-05 0.003125 0.296875 0 0 0 0 0
0.0585938 3.90625e-05 0.009375 0.290625 0 0 0 0 0
0.0585938 3.90625e-05 0.009375 0.296875 0 0 0 0 0
0.0585938 3.90625e-05 0.003125 0.278125 0 0 0 0 0
0.0585938 3.90625e-05 0.003125 0.284375 0 0 0 0 0
0.0585938 3.90625e-05 0.009375 0.278125 0 0 0 0 0
0.0585938 3.90625e-05 0.009375 0.284375 0 0 0 0 0
0.0585938 3.90625e-05 0.003125 0.265625 0 0 0 0 0
0.0585938 3.90625e-05 0.003125 0.271875 0 0 0 0 0
0.0585938 3.90625e-05 0.009375 0.265625 0 0 0 0 0
0.0585938 3.90625e-05 0.009375 0.271875 0 0 0 0 0
0.0585938 3.90625e-05 0.003125 0.253125 0 0 0 0 0
0.0585938 3.90625e-05 0.003125 0.259375 0 0 0 0 0
0.0585938 3.90625e-05 0.009375 0.253125 0 0 0 0 0
0.0585938 3.90625e-05 0.009375 0.259375 0 0 0 0 0
0.0585938 3.90625e-05 0.003125 0.240625 0 0 0 0 0
0.0585938 3.90625e-05 0.003125 0.246875 0 0 0 0 0
0.0585938 3.90625e-05 0.009375 0.240625 0 0 0 0 0
0.0585938 3.90625e-05 0.009375 0.246875 0 0 0 0 0
0.0585938 3.90625e-05 0.003125 0.228125 0 0 0 0 0
0.0585938 3.90625e-05 0.003125 0.234375 0 0 0 0 0
0.0585938 3.90625e-05 0.009375 0.228125 0 0 0 0 0
0.0585938 3.90625e-05 0.009375 0.234375 0 0 0 0 0
0.0585938 3.90625e-05 0.003125 0.215625 0 0 0 0 0
0.0585938 3.90625e-05 0.003125 0.221875 0 0 0 0 0
0.0585938 3.90625e-05 0.009375 0.215625 0 0 0 0 0
0.0585938 3.90625e-05 0.009375 0.221875 0 0 0 0 0
0.0585938 3.90625e-05 0.003125 0.203125 0 0 0 0 0
0.0585938 3.90625e-05 0.003125 0.209375 0 0 0 0 0
0.0585938 3.90625e-05 0.009375 0.203125 0 0 0 0 0
0.0585938 3.90625e-05 0.009375 0.209375 0 0 0 0 0
0.0585938 3.90625e-05 0.003125 0.190625 0 0 0 0 0
0.0585938 3.90625e-05 0.003125 0.196875 0 0 0 0 0
0.0585938 3.90625e-05 0.009375 0.190625 0 0 0 0 0
0.0585938 3.90625e-05 0.009375 0.196875 0 0 0 0 0
0.0585938 3.90625e-05 0.003125 0.178125 0 0 0 0 0
0.0585938 3.90625e-05 0.003125 0.184375 0 0 0 0 0
0.0585938 3.90625e-05 0.009375 0.178125 0 0 0 0 0
0.0585938 3.90625e-05 0.009375 0.184375 0 0 0 0 0
0.0585938 3.90625e-05 0.003125 0.165625 0 0 0 0 0
0.0585938 3.90625e-05 0.003125 0.171875 0 0 0 0 0
0.0585938 3.90625e-05 0.009375 0.165625 0 0 0 0 0
0.0585938 3.90625e-05 0.009375 0.171875 0 0 0 0 0
0.0585938 3.90625e-05 0.003125 0.153125 0 0 0 0 0
0.0585938 3.90625e-05 0.003125 0.159375 0 0 0 0 0
0.0585938 3.90625e-05 0.009375 0.153125 0 0 0 0 0
0.0585938 3.90625e-05 0.009375 0.159375 0 0 0 0 0
0.0585938 3.90625e-05 0.003125 0.140625 0 0 0 0 0
0.0585938 3.90625e-05 0.003125 0.146875 0 0 0 0 0
0.0585938 3.90625e-05 0.009375 0.140625 0 0 0 0 0
0.0585938 3.90625e-05 0.009375 0.146875 0 0 0 0 0
0.0585938 3.90625e-05 0.003125 0.128125 0 0 0 0 0
0.0585938 3.90625e-05 0.003125 0.134375 0 0 0 0 0
0.0585938 3.90625e-05 0.009375 0.128125 0 0 0 0 0
0.0585938 3.90625e-05 0.009375 0.134375 0 0 0 0 0
0.0585938 3.90625e-05 0.003125 0.115625 0 0 0 0 0
0.0585938 3.90625e-05 0.003125 0.121875 0 0 0 0 0
0.0585938 3.90625e-05 0.009375 0.115625 0 0 0 0 0
0.0585938 3.90625e-05 0.009375 0.121875 0 0 0 0 0
0.0585938 3.90625e-05 0.003125 0.103125 0 0 0 0 0
0.0585938 3.90625e-05 0.003125 0.109375 0 0 0 0 0
0.0585938 3.90625e-05 0.009375 0.103125 0 0 0 0 0
0.0585938 3.90625e-05 0.009375 0.109375 0 0 0 0 0
0.0585938 3.90625e-05 0.003125 0.090625 0 0 0 0 0
0.0585938 3.90625e-05 0.003125 0.096875 0 0 0 0 0
0.0585938 3.90625e-05 0.009375 0.090625 0 0 0 0 0
0.0585938 3.90625e-05 0.009375 0.096875 0 0 0 0 0
0.0585938 3.90625e-05 0.003125 0.078125 0 0 0 0 0
0.0585938 3.90625e-05 0.003125 0.084375 0 0 0 0 0
0.0585938 3.90625e-05 0.009375 0.078125 0 0 0 0 0
0.0585938 3.90625e-05 0.009375 0.084375 0 0 0 0 0
0.0585938 3.90625e-05 0.003125 0.065625 0 0 0 0 0
0.0585938 3.90625e-05 0.003125 0.071875 0 0 0 0 0
0.0585938 3.90625e-05 0.009375 0.065625 0 0 0 0 0
0.0585938 3.90625e-05 0.009375 0.071875 0 0 0 0 0
0.0585938 3.90625e-05 0.003125 0.053125 0 0 0 0 0
0.0585938 3.90625e-05 0.003125 0.059375 0 0 0 0 0
0.0585938 3.90625e-05 0.009375 0.053125 0 0 0 0 0
0.0585938 3.90625e-05 0.009375 0.059375 0 0 0 0 0
0.0585938 3.90625e-05 0.003125 0.040625 0 0 0 0 0
0.0585938 3.90625e-05 0.003125 0.046875 0 0 0 0 0
0.0585938 3.90625e-05 0.009375 0.040625 0 0 0 0 0
0.0585938 3.90625e-05 0.009375 0.046875 0 0 0 0 0
0.0585938 3.90625e-05 0.003125 0.028125 0 0 0 0 0
0.0585938 3.90625e-05 0.003125 0.034375 0 0 0 0 0
0.0585938 3.90625e-05 0.009375 0.028125 0 0 0 0 0
0.0585938 3.90625e-05 0.009375 0.034375 0 0 0 0 0
0.0585938 3.90625e-05 0.003125 0.015625 0 0 0 0 0
0.0585938 3.90625e-05 0.003125 0.021875 0 0 0 0 0
0.0585938 3.90625e-05 0.009375 0.015625 0 0 0 0 0
0.0585938 3.90625e-05 0.009375 0.021875 0 0 0 0 0
0.0585938 3.90625e-05 0.003125 0.003125 0 0 0 0 0
0.0585938 3.90625e-05 0.003125 0.009375 0 0 0 0 0
0.0585938 3.90625e-05 0.009375 0.003125 0 0 0 0 0
0.0585938 3.90625e-05 0.009375 0.009375 0 0 0 0 0
